# X(Mpch)    Y(Mpch)    Z(Mpch)    Vx(kms-1)   Vy(kms-1)   Vz(kms-1)   Rvir(kpch)   Vcirc(kms-1)  Xoff        Nhalo     Distinct/Sub
  21.6209    13.3426    9.6782     85.77       67.23       -41.35      1069.5       785.2         0.05498     12008     0     
  0.698      28.5801    16.905     155.75      378.94      228.76      934.78       720.8         0.049414    25869     0     
  35.7263    43.1386    18.1982    67.71       -9.53       -123.35     1165.0       918.0         0.0082491   31070     0     
  16.4092    24.929     24.3691    -351.41     179.2       -212.89     926.96       707.3         0.03425     42318     0     
  45.0104    47.9277    40.3249    -24.07      471.35      -160.6      1113.7       833.0         0.044861    79934     0     
  59.4275    37.5229    5.088      595.66      136.81      20.64       1183.2       818.9         0.020452    107963    0     
  61.7145    14.5205    21.9819    -331.22     483.85      -452.13     1085.2       785.7         0.1115      146540    0     
  63.9851    35.6006    3.3549     5.19        255.8       223.88      1444.0       1036.0        0.1327      192054    0     
  116.9441   19.6922    10.44      226.75      216.64      -45.02      1206.8       847.4         0.1097      214401    0     
  121.991    13.8793    10.7285    -299.35     371.33      86.86       1417.7       1050.0        0.071315    218564    0     
  100.01     41.1853    13.1072    -197.94     -0.8        -51.89      1006.0       741.4         0.045333    233089    0     
  104.6527   27.8033    22.7155    381.07      15.76       -219.31     1095.3       834.6         0.079518    249727    0     
  124.8355   10.7689    31.1392    544.06      -214.93     85.81       885.55       723.1         0.034455    262499    0     
  110.4306   7.7126     28.6118    448.75      350.54      64.77       943.52       708.5         0.032928    262884    0     
  111.9112   2.277      32.2569    253.31      490.71      -162.87     1234.3       930.2         0.030277    264633    0     
  124.0559   5.0707     35.8617    -550.81     129.91      -398.06     1096.5       765.5         0.069306    277051    0     
  110.0468   23.0312    43.5711    670.72      -16.09      -99.35      1049.1       765.7         0.1717      294114    0     
  111.4186   22.6401    46.546     -304.44     36.98       -938.4      1069.6       702.4         0.078686    308401    0     
  174.018    11.8397    26.0418    -197.79     -180.14     210.04      1258.0       867.3         0.053803    352093    0     
  171.2055   21.9031    31.8327    122.98      -167.05     -216.41     989.05       706.1         0.052723    366576    0     
  175.5173   2.7247     27.7019    17.24       169.91      -469.63     940.37       721.1         0.029111    373025    0     
  223.3811   34.7167    10.7542    159.05      563.32      410.63      986.3        718.4         0.027045    424596    0     
  34.7132    72.3322    45.1025    111.48      18.8        -306.98     960.45       727.9         0.037619    583552    0     
  49.5506    50.5126    44.2709    -281.94     235.2       1.62        1044.4       756.8         0.1051      588959    0     
  61.2103    99.6731    35.6777    40.53       -175.09     211.08      1420.5       1086.0        0.1095      646950    0     
  84.4563    77.2598    44.1858    -115.96     -211.53     206.96      1064.5       743.1         0.069637    658048    0     
  104.1568   87.9562    1.3695     148.09      168.58      -176.76     1036.4       712.4         0.1048      682506    0     
  134.6624   67.8118    26.4795    -222.54     -458.68     -300.79     1604.7       1161.0        0.038413    744718    0     
  102.8985   90.1456    0.7137     369.95      -348.65     -401.07     1162.3       820.2         0.1089      791561    0     
  162.0345   89.0207    33.9865    -45.54      -158.41     -524.61     1014.5       736.6         0.035664    854752    0     
  226.9456   51.9581    27.6985    -178.54     -297.0      -246.24     1545.5       1148.0        0.06456     934771    0     
  0.3637     137.4425   3.9369     33.33       -613.06     20.54       955.39       768.1         0.012532    989230    0     
  7.9571     113.364    21.0691    -411.84     127.19      131.17      878.66       701.5         0.077032    1018937   0     
  3.831      106.9344   49.3       -250.31     9.94        180.33      958.18       785.7         0.076113    1067673   0     
  37.923     136.8576   49.1611    -104.89     -159.96     77.49       958.22       703.3         0.056942    1074230   0     
  59.4957    141.8011   34.9729    -671.21     123.02      -145.97     1084.8       782.4         0.017255    1134362   0     
  117.4829   126.997    22.3616    381.19      -47.0       -323.95     1030.7       711.6         0.031585    1196856   0     
  168.6415   134.886    18.1201    317.12      -120.08     -212.98     897.93       702.4         0.138       1272605   0     
  175.1928   110.8805   39.2515    205.91      -291.42     -539.11     1352.8       961.1         0.074903    1316334   0     
  244.6467   131.0154   40.5602    127.03      -43.93      -78.48      964.58       712.8         0.051622    1410345   0     
  249.9664   103.1288   48.1602    -63.75      193.93      -102.67     989.41       727.0         0.053124    1416744   0     
  236.8959   115.4433   45.6216    -159.62     31.77       -201.11     992.66       788.3         0.069646    1421144   0     
  26.9638    183.3592   34.2736    -25.61      44.86       195.63      1038.8       766.2         0.078794    1475891   0     
  28.3834    185.4923   46.7455    173.72      -163.22     316.05      1242.0       886.4         0.1292      1493798   0     
  29.418     185.068    49.4999    -168.52     -34.36      -31.05      984.83       758.5         0.023448    1501058   0     
  67.2471    198.4232   38.1904    -38.23      -119.79     170.36      1403.9       1068.0        0.033575    1572521   0     
  66.3853    151.8413   34.8539    -443.94     -15.83      303.17      986.61       705.1         0.1968      1572589   0     
  71.0286    177.7144   37.7058    -75.19      137.48      316.57      1098.5       818.3         0.05479     1578422   0     
  188.7383   165.6111   1.017      188.64      -157.02     -449.73     1116.8       853.6         0.078435    1672736   0     
  152.4502   195.2659   7.6892     134.53      127.73      -252.38     1027.4       743.2         0.057827    1680462   0     
  241.5235   152.1905   39.6081    -170.24     -650.82     284.19      1108.1       797.7         0.041578    1795608   0     
  4.0964     203.2178   9.4797     426.18      -108.41     -19.07      1217.1       899.7         0.041973    1832794   0     
  6.6112     237.1523   6.0691     -156.78     266.5       -292.35     1093.9       818.8         0.065181    1835176   0     
  82.4031    214.002    24.1324    -445.76     3.91        -264.79     992.91       710.0         0.049703    1955363   0     
  136.1914   233.4895   12.9134    271.14      505.16      37.55       938.44       753.9         0.067603    2013869   0     
  170.8641   246.1072   17.964     -80.04      304.85      478.5       1276.0       875.4         0.12        2099555   0     
  197.2286   238.4158   24.1795    -221.41     262.34      -35.21      867.03       703.3         0.027611    2114390   0     
  216.5208   237.1608   1.3613     -173.57     363.13      -289.52     1001.5       703.8         0.086407    2165197   0     
  213.1113   239.261    3.3361     432.35      419.25      -158.81     1102.1       823.0         0.033315    2168092   0     
  13.0171    36.4494    95.906     -158.64     40.07       64.94       931.43       741.2         0.021129    2317271   0     
  56.4318    49.1049    77.5345    325.48      100.33      66.66       1123.8       811.7         0.070016    2366552   0     
  81.7068    41.7206    79.5686    -99.75      487.49      73.52       911.98       701.9         0.022538    2368274   0     
  79.7876    45.688     90.1188    -70.46      -183.38     -640.87     1078.1       773.1         0.035573    2403256   0     
  117.9876   16.6165    54.6398    -111.95     176.9       -521.07     1048.3       735.1         0.066222    2423662   0     
  176.305    49.4682    57.2595    169.52      -140.19     -190.52     1029.4       704.2         0.1018      2511375   0     
  153.8167   9.1635     75.0715    605.48      69.04       37.85       1167.7       875.5         0.051895    2545602   0     
  160.9021   5.5198     75.8653    -104.64     260.19      -145.29     1400.5       1017.0        0.062484    2546453   0     
  182.9464   43.7941    76.7028    -171.8      193.81      -83.46      971.45       743.4         0.028438    2556636   0     
  201.1804   28.1852    76.9618    255.82      60.22       -141.09     992.07       761.9         0.032247    2636851   0     
  64.1892    50.9189    78.5557    -460.66     276.99      -310.36     1197.5       834.7         0.079363    2823637   0     
  56.3255    87.9927    92.6737    -490.73     -793.56     412.7       1106.7       743.8         0.047343    2839811   0     
  57.4866    61.0624    91.0072    12.55       -33.21      -186.4      975.33       769.8         0.036169    2845516   0     
  184.476    65.2974    52.242     345.83      -323.37     -23.47      1135.5       813.2         0.031366    2933600   0     
  191.9828   65.5701    84.9385    -301.35     -100.36     -109.03     1181.2       967.1         0.020864    3000180   0     
  176.9807   53.5424    89.0607    534.53      18.07       -102.33     959.25       760.1         0.020259    3000485   0     
  202.4552   56.4546    62.4219    -57.35      143.7       -72.18      1026.3       767.2         0.046549    3049571   0     
  238.2577   97.0846    60.8724    148.13      147.36      -454.38     1049.1       740.5         0.043312    3053495   0     
  24.9659    105.829    51.1596    11.28       110.5       -160.74     917.68       701.5         0.1181      3127620   0     
  4.4633     104.8863   53.592     -51.9       172.88      -382.03     1014.7       723.9         0.060038    3133205   0     
  27.8815    128.6734   97.3913    -109.54     184.23      -364.56     973.04       730.8         0.062247    3214522   0     
  62.9903    134.3864   68.162     -175.07     -123.34     -256.46     1394.8       1053.0        0.06667     3256623   0     
  82.7297    110.3343   85.1466    31.61       95.96       0.47        1018.6       706.0         0.052281    3281802   0     
  97.0038    133.8765   87.8322    -129.67     515.37      -347.82     942.87       757.1         0.028687    3285628   0     
  99.2606    134.5234   90.8264    -227.2      71.26       130.67      1012.1       725.0         0.046732    3286001   0     
  122.013    141.6988   72.729     -383.78     -37.9       62.95       979.74       737.0         0.039307    3347283   0     
  100.656    134.0208   93.5046    -287.83     261.04      -201.23     1060.2       716.5         0.089265    3384633   0     
  210.5369   139.3135   64.9946    480.4       -173.18     423.94      1232.4       920.1         0.075447    3480939   0     
  233.4974   149.079    62.6091    11.91       6.94        -32.8       946.48       763.0         0.022713    3480961   0     
  207.0573   141.1868   68.0925    856.48      -330.5      -267.5      990.8        743.2         0.028119    3485069   0     
  224.2427   132.0085   65.5686    -289.03     251.11      155.61      1493.9       1051.0        0.067985    3491833   0     
  215.8157   133.801    72.7698    -18.32      334.01      -581.58     1006.1       725.8         0.091371    3506539   0     
  205.041    128.679    79.6399    569.97      327.08      -536.28     1287.7       928.6         0.099435    3514874   0     
  249.3463   146.2455   83.5966    105.84      353.93      -414.93     1020.7       790.9         0.043483    3520118   0     
  30.4495    168.6652   62.0208    275.48      -49.42      232.51      998.67       762.0         0.030561    3573267   0     
  42.6973    159.023    60.8179    -12.77      219.92      339.72      1066.4       750.7         0.1017      3579728   0     
  34.955     165.6767   62.27      245.31      36.21       210.55      1008.0       709.6         0.033995    3579790   0     
  49.8994    168.6504   84.9919    -223.09     -65.93      212.38      1492.8       1063.0        0.1703      3635506   0     
  39.925     174.2381   97.7467    -135.91     -137.72     -139.45     1042.1       776.7         0.066914    3670988   0     
  9.8475     191.7466   97.9439    291.04      139.96      49.36       1014.1       748.4         0.067873    3671034   0     
  36.7872    194.8009   99.3686    -265.64     -550.98     110.2       1563.8       1068.0        0.2208      3671080   0     
  25.6161    190.89     99.0622    -187.7      -300.04     -170.65     1542.1       1181.0        0.028676    3673193   0     
  48.6856    163.8588   96.2596    358.85      810.58      -351.2      1040.6       707.5         0.077424    3677222   0     
  51.3042    152.3398   54.4662    -114.28     -49.76      1.16        1020.0       731.0         0.03456     3687190   0     
  68.1639    192.5131   67.1153    -393.05     -160.62     326.27      1197.1       911.8         0.01583     3710901   0     
  73.174     195.6482   78.7868    -595.57     -103.56     -207.31     957.64       710.3         0.06002     3743653   0     
  50.2721    165.5717   93.0942    -546.43     451.81      -459.82     2158.8       1615.0        0.095019    3762363   0     
  126.5747   176.4855   57.3383    -213.71     336.18      295.99      916.54       709.1         0.08932     3786683   0     
  129.7272   198.5026   74.3479    96.68       3.66        198.3       931.49       753.1         0.053444    3815390   0     
  156.2442   175.5391   88.039     98.41       223.94      -337.73     1344.7       965.8         0.1239      3939661   0     
  217.1369   159.4431   69.6738    286.39      50.36       52.68       1120.1       880.8         0.023943    4002923   0     
  235.2264   190.4793   84.4022    187.55      -6.24       169.04      913.38       708.5         0.066859    4027541   0     
  234.1163   191.4281   93.9964    204.28      170.63      -272.5      1006.6       776.9         0.1109      4061713   0     
  5.1848     227.3503   71.1288    40.09       -376.35     39.52       1137.5       797.8         0.1967      4104205   0     
  79.0029    235.5411   64.0537    561.46      65.21       443.3       1183.6       773.4         0.083356    4174074   0     
  174.4946   236.404    73.5483    19.69       -193.98     40.74       1239.4       927.5         0.042844    4361100   0     
  171.1278   226.4411   75.8877    301.62      434.93      -71.68      940.88       722.8         0.011995    4369263   0     
  166.2887   204.325    88.2065    -10.5       467.32      341.69      912.84       716.8         0.067002    4389024   0     
  188.1764   224.459    95.5572    -162.46     45.02       1.64        1207.7       879.5         0.036723    4406185   0     
  212.8728   216.8135   52.022     150.56      155.64      -45.49      924.65       727.8         0.045159    4418691   0     
  221.8494   225.6281   50.9299    41.53       97.43       126.38      1073.9       813.2         0.056704    4423626   0     
  236.5746   242.9629   66.2692    -12.14      -19.19      -74.33      1089.8       861.2         0.0043152   4456939   0     
  206.5832   239.8649   93.8512    -107.28     173.17      140.14      1119.1       842.9         0.021758    4488551   0     
  209.5515   247.1225   93.4814    93.91       92.43       41.77       949.53       715.7         0.045646    4492235   0     
  43.7267    7.1315     105.6403   2.74        -290.05     578.59      1143.5       762.3         0.085679    4509964   0     
  49.1168    37.9797    102.9036   250.33      175.92      511.23      1026.0       714.3         0.057292    4512320   0     
  30.2562    1.0563     121.4944   -9.03       260.51      181.05      1054.9       787.0         0.054997    4549954   0     
  7.4138     35.4676    145.693    219.49      365.54      397.22      1215.9       910.5         0.074097    4575795   0     
  74.2232    9.1407     114.3187   -790.22     533.65      93.3        692.41       720.7         0.051507    4633256   0     
  86.5972    27.9829    125.1463   -593.98     104.2       -105.49     1145.8       846.3         0.065335    4641886   0     
  66.0456    33.1243    136.832    42.51       -325.34     30.05       1081.0       787.8         0.033272    4676643   0     
  92.343     13.1844    140.7173   -174.09     273.91      43.33       955.79       754.9         0.025735    4677315   0     
  67.9399    31.2847    137.8602   -23.48      201.48      -321.95     1112.6       812.9         0.036873    4683702   0     
  177.5081   27.9144    109.0354   -34.34      -97.72      -39.36      950.83       712.9         0.067915    4796826   0     
  245.3504   37.9675    108.6842   233.19      130.48      284.86      1082.8       792.1         0.055841    4875112   0     
  221.954    16.0399    146.0224   117.59      -140.29     107.58      970.48       709.4         0.028852    4947295   0     
  139.4268   63.7895    117.2069   321.16      274.28      584.93      1209.9       857.4         0.025074    5153497   0     
  125.7718   52.8264    117.6363   131.51      358.17      -23.39      1032.5       818.9         0.013183    5167509   0     
  140.4952   67.1199    118.2139   32.09       -254.1      165.75      1162.0       812.6         0.1043      5169204   0     
  145.5154   89.0204    135.7798   -543.84     -437.6      396.04      1054.7       741.9         0.1206      5192917   0     
  139.3131   82.2927    138.0427   -379.81     68.79       -100.54     1294.4       981.7         0.087401    5212159   0     
  179.751    58.4708    101.5065   -18.82      -111.01     102.25      1174.5       832.1         0.1778      5237408   0     
  173.6108   61.6799    108.6894   229.9       -65.44      289.62      1085.7       772.5         0.047944    5250366   0     
  177.9153   58.206     108.2873   -339.51     240.54      -570.36     966.3        709.3         0.043348    5251551   0     
  172.9718   65.4331    111.8675   -104.73     -1050.74    -310.82     959.95       751.8         0.080767    5258034   0     
  150.2444   92.4758    131.8626   -289.1      -313.84     342.39      998.96       733.3         0.036516    5278106   0     
  169.1497   72.0894    137.8535   -158.82     -77.44      -81.6       1114.1       806.1         0.032639    5311217   0     
  202.6017   52.6586    134.4023   239.92      -71.55      500.29      1176.0       842.2         0.106       5375225   0     
  226.5423   50.3999    138.8382   219.09      -160.99     286.95      1042.4       791.5         0.029049    5377265   0     
  93.901     125.4918   130.7987   -81.57      171.1       203.05      1106.8       811.0         0.096927    5493123   0     
  95.8605    102.8761   128.6911   174.7       136.83      88.17       1014.9       778.9         0.035478    5496276   0     
  94.5889    121.3501   131.1049   416.35      618.52      -289.19     1110.6       733.5         0.1721      5510916   0     
  72.0802    122.421    134.4955   443.48      -88.31      -308.7      1215.7       912.4         0.036698    5514176   0     
  116.5652   122.436    115.2291   -122.48     230.02      247.16      1305.5       936.0         0.1037      5570544   0     
  115.8606   107.8796   135.8506   69.49       157.04      -187.94     1329.5       966.2         0.014444    5610228   0     
  182.4388   118.3899   136.015    247.43      -230.83     458.01      1056.5       819.1         0.014573    5671314   0     
  32.6439    177.9709   100.6189   42.72       595.74      176.28      1701.7       1307.0        0.062031    5788104   0     
  45.7272    192.1178   109.6186   -258.45     -259.79     -217.69     834.06       749.2         0.04852     5798550   0     
  48.0392    162.9862   106.5363   -286.27     415.2       -655.51     1043.4       794.8         0.028685    5814592   0     
  44.0437    192.8512   110.3922   261.3       -375.16     -574.3      1158.8       869.6         0.078935    5823911   0     
  48.3855    194.2589   112.145    -856.64     -811.77     -491.99     1049.4       708.2         0.178       5823984   0     
  77.0833    160.9325   100.7455   -554.78     -125.84     -318.38     1027.7       732.9         0.067903    5901044   0     
  105.2767   184.4342   107.1722   -776.98     -554.48     -185.17     1000.9       717.8         0.1295      5998150   0     
  215.281    153.5486   104.9921   561.73      384.81      29.85       1220.7       887.6         0.1262      6128957   0     
  247.1626   197.7793   114.9789   447.97      -232.59     -202.0      896.99       700.5         0.014142    6152208   0     
  236.2046   175.6175   132.6675   48.16       250.73      259.71      897.88       724.1         0.050835    6163999   0     
  245.9112   151.814    149.5095   -675.15     118.73      212.77      1232.2       894.8         0.051543    6207841   0     
  148.5523   208.337    147.3889   295.51      163.74      234.84      1684.5       1188.0        0.08151     6427208   0     
  170.2168   202.9293   100.167    21.06       85.15       69.01       1176.9       880.9         0.030471    6431710   0     
  182.1306   229.0181   108.128    24.42       200.17      349.81      922.99       718.6         0.1027      6445795   0     
  229.217    233.8878   129.3149   1.06        -56.72      228.66      1022.6       736.5         0.1307      6586333   0     
  217.485    249.7879   140.7035   183.7       -7.89       -79.32      1019.3       715.8         0.058535    6613983   0     
  215.8163   246.9209   140.7968   504.05      213.57      -78.04      1022.1       741.6         0.079434    6614846   0     
  19.0968    32.689     151.94     -558.15     378.63      282.03      1968.6       1441.0        0.035992    6627965   0     
  6.4103     39.8419    150.3335   -63.94      78.33       -9.11       921.25       774.6         0.019981    6627986   0     
  10.5875    40.0037    159.6524   155.69      -210.43     -548.25     940.91       712.3         0.067934    6658800   0     
  44.0942    43.5915    189.1371   -348.83     377.89      141.79      967.97       720.4         0.033358    6695497   0     
  94.5454    13.7748    179.2212   -121.26     -394.96     -70.08      926.52       804.1         0.047643    6756614   0     
  144.7448   27.7073    177.6117   262.5       -75.85      262.44      1513.7       1076.0        0.035631    6843562   0     
  135.0343   45.7916    180.1212   634.09      265.0       18.81       1591.2       1148.0        0.052182    6850810   0     
  113.1496   13.1874    197.6051   188.9       124.22      -13.39      1138.6       800.3         0.1459      6872761   0     
  206.3572   33.1353    174.5162   577.53      401.18      239.87      982.24       711.4         0.063592    7010495   0     
  241.2707   25.1322    180.5386   -105.49     338.61      255.02      1031.9       732.0         0.029972    7014105   0     
  5.9881     69.4041    166.793    -183.0      -199.57     208.0       1095.2       774.8         0.068431    7095181   0     
  57.7251    51.9628    153.9834   -118.04     43.07       -47.49      1108.8       799.3         0.050926    7158841   0     
  125.756    61.3496    158.6088   58.05       334.29      283.55      1290.1       906.1         0.028473    7247072   0     
  137.4721   63.9281    176.8238   215.56      -279.75     -14.77      972.65       727.8         0.1099      7280252   0     
  140.3945   56.8313    179.3585   -680.62     -340.18     454.85      1308.8       915.9         0.1719      7282792   0     
  108.8394   79.8628    179.8702   21.16       -297.44     300.15      1151.1       794.6         0.1049      7289010   0     
  139.0317   54.9682    180.0144   437.5       25.61       -182.73     993.57       720.5         0.055459    7293208   0     
  142.9084   50.2691    184.4606   -243.23     105.34      -539.89     1104.4       792.2         0.0066159   7309684   0     
  144.2044   78.0965    190.5046   326.56      125.74      44.96       1042.6       773.9         0.074394    7310429   0     
  183.4623   88.1934    179.9253   545.1       460.55      -209.1      1138.6       803.0         0.099949    7387859   0     
  206.6044   98.5399    153.3625   -606.04     -177.55     484.74      1050.6       774.2         0.055919    7422598   0     
  203.8005   97.8265    153.0583   236.0       -61.22      488.89      1166.6       929.3         0.016528    7423493   0     
  225.3902   53.2742    165.8764   175.48      191.49      213.63      1117.0       822.3         0.086688    7471278   0     
  229.0445   55.5827    168.1821   -196.03     -45.25      66.47       1055.0       759.6         0.069192    7480459   0     
  246.6416   52.2846    179.8418   -146.4      -98.33      860.75      990.5        709.6         0.1103      7490481   0     
  203.8212   98.6716    177.2246   -265.45     132.43      93.88       1031.3       774.6         0.069149    7490984   0     
  237.7554   59.122     186.5233   -59.77      36.37       60.43       990.47       748.8         0.035975    7508503   0     
  230.9116   74.1241    191.8739   28.35       -263.06     231.87      1001.3       777.9         0.040293    7510106   0     
  215.7117   88.1387    190.7277   -87.7       -81.35      152.17      974.25       714.9         0.085021    7514109   0     
  3.542      123.665    177.8262   -171.77     178.04      457.67      1023.8       730.7         0.032543    7576942   0     
  30.4605    136.04     182.844    -485.24     -218.51     352.46      1215.6       907.2         0.03273     7588338   0     
  43.4421    145.1512   188.2881   -310.6      -199.3      273.46      1132.7       820.8         0.025464    7604452   0     
  22.1785    133.5515   191.7674   -5.93       -342.13     114.79      1058.4       737.1         0.04902     7611697   0     
  17.3976    125.1089   191.8837   -421.68     -182.53     41.28       1188.2       829.4         0.1575      7616229   0     
  25.6465    129.4669   194.5911   -408.04     -203.83     452.51      1020.6       729.2         0.1133      7617622   0     
  29.9867    100.2954   199.9196   74.51       -111.93     378.74      1070.5       773.7         0.043752    7619417   0     
  124.9355   104.6694   170.8811   313.8       -170.74     -119.38     960.39       737.6         0.051545    7734434   0     
  189.9306   129.5      157.7228   -44.51      -80.67      608.63      1100.1       781.8         0.067426    7792932   0     
  190.117    112.0435   164.6618   453.97      -319.97     473.33      957.18       707.2         0.037759    7812175   0     
  185.6023   145.9113   174.3504   313.34      -260.73     366.69      1082.6       799.9         0.020832    7837420   0     
  164.1593   135.2759   184.8726   548.58      -202.8      123.93      1192.7       860.4         0.112       7858698   0     
  176.6843   128.0763   197.0804   -84.23      -100.24     -814.25     1503.4       1061.0        0.045292    7886744   0     
  185.1486   115.7608   195.4639   47.65       -173.01     -418.22     1012.0       712.9         0.031489    7888233   0     
  235.9739   141.2716   166.1105   -279.49     173.11      458.51      1032.1       772.6         0.036815    7924881   0     
  227.4841   142.5511   168.0098   -94.58      176.31      354.52      1060.8       749.9         0.030972    7929255   0     
  200.0804   102.7691   174.5755   129.69      -326.75     492.06      998.93       723.0         0.075869    7937541   0     
  236.2307   107.9813   197.0915   -241.35     -87.53      298.48      1011.0       782.0         0.02798     7992204   0     
  97.8886    199.2994   191.3263   -60.57      -228.79     265.83      943.66       701.4         0.031208    8135350   0     
  145.0404   198.6158   175.5312   141.85      73.73       -161.61     1128.7       778.2         0.095006    8188256   0     
  104.9265   186.0682   186.6293   -797.28     1031.92     1.17        1342.8       1008.0        0.056033    8192763   0     
  102.9735   190.6053   193.3606   -310.84     367.25      -278.51     950.51       729.6         0.023299    8213710   0     
  160.7159   177.1484   187.086    131.7       34.72       -245.4      1435.4       1044.0        0.023946    8293409   0     
  238.979    158.0775   198.5077   -698.13     -191.35     315.75      959.81       735.7         0.032959    8424439   0     
  229.4118   166.2057   196.989    427.48      -519.15     -252.26     1221.6       885.6         0.049418    8424947   0     
  236.8252   157.4574   199.539    -249.72     -158.25     81.99       997.62       776.8         0.060927    8425303   0     
  233.16     169.4345   198.9216   -234.9      -402.99     -396.68     946.15       733.9         0.045581    8427183   0     
  13.1717    209.0969   164.6765   39.89       162.98      567.65      1070.7       799.9         0.043592    8456678   0     
  23.9548    210.4306   172.1165   -376.29     -116.02     110.19      1212.4       948.8         0.074245    8483771   0     
  3.382      213.8383   170.5717   195.66      -83.46      261.02      1450.7       1056.0        0.021255    8485357   0     
  44.5867    209.3093   194.8157   5.16        348.64      403.89      1118.7       862.9         0.028206    8526808   0     
  46.4755    211.2032   196.4243   -643.45     -386.26     -16.62      1216.8       839.9         0.1102      8546462   0     
  61.3546    221.5671   164.5437   -319.17     85.8        46.24       1554.4       1129.0        0.057434    8584105   0     
  99.9168    200.6261   167.8441   -69.35      183.23      9.72        1099.6       783.2         0.042712    8594705   0     
  138.1451   220.9173   164.4883   -37.33      -69.66      -47.29      904.94       721.7         0.048173    8691580   0     
  100.0351   200.9052   172.2053   -58.05      204.4       -35.65      1021.0       775.3         0.018822    8704362   0     
  146.6848   245.6748   194.4221   112.32      244.12      10.58       987.84       761.6         0.041273    8737058   0     
  124.6836   224.2215   192.3127   -232.81     508.11      -152.79     1018.9       780.6         0.043667    8744036   0     
  163.2794   223.4121   171.6115   -163.64     58.65       117.02      1335.8       960.6         0.018323    8799345   0     
  222.8769   212.3338   161.0257   192.09      160.47      -114.97     1026.5       824.1         0.010341    8872088   0     
  30.2813    8.5247     207.2656   -143.28     -80.41      -103.76     1230.2       894.1         0.1262      8939061   0     
  1.6439     1.9946     239.1113   132.98      -454.12     221.81      956.09       711.4         0.094469    8991926   0     
  114.2285   10.6666    220.8066   -265.12     616.47      554.81      1099.3       794.5         0.015284    9118752   0     
  135.3401   37.1344    228.7787   -198.19     140.78      515.32      1016.6       802.9         0.019145    9131600   0     
  114.2081   12.8501    225.218    66.69       188.15      -27.29      1046.3       788.2         0.050645    9139573   0     
  123.3213   30.9601    234.2813   -8.06       -96.77      237.37      1060.6       795.5         0.025457    9141740   0     
  148.1929   40.0408    243.9615   -389.92     79.01       142.77      1106.9       804.1         0.054265    9172975   0     
  195.4225   42.262     206.0152   668.89      93.97       -269.55     1163.1       934.1         0.060292    9190889   0     
  241.4722   46.7562    229.3485   63.28       281.91      -134.82     1037.7       809.9         0.019831    9314749   0     
  212.7194   20.6653    235.5044   91.63       58.06       336.88      1119.8       881.1         0.099817    9322673   0     
  43.0811    72.9005    200.7341   -339.89     447.19      456.98      1210.8       837.5         0.066356    9351488   0     
  44.5744    83.7424    201.8321   -514.03     -185.09     159.98      1187.2       918.5         0.025528    9352361   0     
  42.3171    76.0325    203.9405   -198.99     454.55      -88.92      1023.8       765.5         0.03651     9363495   0     
  36.2283    77.3837    215.1899   -543.37     785.45      308.01      1071.9       713.6         0.1051      9385665   0     
  8.3161     81.4404    229.7372   -133.65     275.68      127.87      1033.4       743.3         0.2125      9407355   0     
  38.7813    81.9048    231.2144   -358.95     108.84      -75.58      1012.8       749.1         0.062511    9422033   0     
  47.1076    67.006     240.2958   -478.26     152.4       -54.47      1001.0       753.9         0.050956    9431140   0     
  24.7805    96.9192    236.3846   127.8       -424.88     -485.28     701.53       723.2         0.09834     9436200   0     
  21.3986    70.9431    245.6257   52.36       299.05      207.94      1127.6       778.6         0.1686      9450184   0     
  54.9904    61.3129    246.0052   -395.59     -357.16     129.71      988.37       703.7         0.045767    9526532   0     
  103.6376   78.3398    203.0896   41.8        -53.63      -27.78      1175.6       835.2         0.027418    9543669   0     
  130.1651   93.2583    224.1331   61.58       -5.03       230.98      1139.1       904.8         0.036615    9568810   0     
  127.7566   59.6436    238.2068   -160.41     -375.79     104.63      1125.2       781.0         0.058857    9592695   0     
  116.0621   85.5534    236.9165   -218.38     -307.11     207.98      874.0        720.2         0.090087    9602588   0     
  104.0055   92.9019    249.3664   -173.72     -624.79     16.67       894.76       704.6         0.034025    9624926   0     
  161.6463   94.6199    247.6853   208.42      -367.04     -28.19      974.93       701.4         0.038189    9626616   0     
  215.7159   87.0013    205.3166   25.48       62.22       -55.14      1183.2       908.4         0.055725    9736977   0     
  236.7889   92.0789    220.9361   -64.06      121.23      -44.68      1107.6       836.6         0.034358    9767240   0     
  233.1226   96.9687    230.7427   102.34      -42.04      -438.93     1277.8       976.8         0.019998    9808284   0     
  30.0323    119.5373   223.7481   91.96       -1011.74    -221.67     1589.6       1128.0        0.029973    9884456   0     
  93.2137    112.7962   219.8597   -17.88      -280.33     136.17      1566.2       1091.0        0.072872    9975785   0     
  58.3917    113.7957   231.4254   -314.24     -851.01     132.18      1372.7       918.9         0.019353    10007100  0     
  129.5444   105.6216   222.2647   82.14       -276.19     306.94      1200.7       872.0         0.044848    10060951  0     
  106.7569   100.7349   244.2547   -193.61     -425.18     407.13      1017.8       777.2         0.081305    10099435  0     
  180.008    143.7991   231.8815   269.26      -534.13     -357.92     1041.7       825.2         0.013232    10179802  0     
  187.3934   118.2166   240.0108   208.46      -292.62     -174.19     1123.4       813.7         0.043476    10197538  0     
  214.233    137.5535   244.9042   -129.05     -363.11     -78.33      1063.4       748.5         0.067235    10210961  0     
  212.6318   135.1197   246.626    -106.21     295.29      -1059.32    1274.3       786.6         0.1503      10213625  0     
  202.131    126.8388   203.9796   302.01      -133.44     -312.57     917.14       710.3         0.022102    10229348  0     
  207.8381   115.3565   207.487    228.23      -377.85     -212.26     1119.0       791.4         0.017396    10240125  0     
  224.8754   113.6108   224.9652   241.42      -103.1      -318.1      1288.3       897.0         0.1246      10272109  0     
  249.6838   101.8469   231.8156   -408.32     -242.18     -375.66     1254.7       898.6         0.031259    10290269  0     
  214.4077   141.2957   242.321    216.73      -313.77     95.48       1221.0       819.4         0.068731    10308650  0     
  2.3376     156.6065   200.8743   47.31       61.68       -59.31      945.02       739.0         0.039659    10324204  0     
  49.9081    199.0861   210.0347   -128.47     437.73      -554.61     1084.3       761.6         0.035773    10340110  0     
  27.8702    199.1698   210.5471   184.83      -1.42       -51.47      1137.4       791.1         0.071868    10340873  0     
  34.7078    156.2221   241.7162   -176.56     -101.74     -365.97     953.37       706.1         0.027481    10396704  0     
  53.1611    192.7021   202.309    -896.07     343.97      479.59      877.61       712.8         0.064644    10412140  0     
  61.5327    189.2964   211.4885   -219.17     409.31      6.27        1015.7       718.5         0.031894    10429285  0     
  53.122     185.889    213.8393   87.95       356.52      -158.57     1101.5       834.9         0.04526     10434927  0     
  63.0777    191.921    212.6946   -668.15     -4.54       -403.89     935.12       709.6         0.029879    10443490  0     
  208.1162   168.3391   202.1326   211.95      44.16       -188.96     1179.6       813.5         0.071093    10652211  0     
  234.8208   198.7701   205.3895   -33.8       87.56       207.61      999.9        769.4         0.025579    10657213  0     
  248.1159   193.0287   202.2883   -142.58     172.54      -281.43     1127.1       866.6         0.01315     10658469  0     
  213.1828   151.696    219.8834   310.5       -339.96     -309.63     1226.3       885.2         0.037848    10683359  0     
  222.3771   151.0029   217.5424   405.25      -354.34     -345.04     1061.9       815.1         0.037996    10683861  0     
  223.7864   151.2682   216.954    -598.79     -213.25     -162.01     488.26       791.3         0.011645    10688097  0     
  28.8526    210.5868   248.0148   -259.69     194.84      123.47      1063.5       740.3         0.043051    10742712  0     
  20.8056    239.0634   201.068    -213.93     -93.29      -44.2       1061.6       778.0         0.1088      10748136  0     
  7.0863     214.6868   207.6922   -36.68      24.84       11.16       1000.5       760.4         0.021879    10765243  0     
  40.9954    245.1662   227.9476   -90.19      -64.5       -162.76     1131.4       755.4         0.2769      10805253  0     
  55.2868    202.6437   208.5872   -318.82     -110.6      -17.03      995.09       758.4         0.038626    10852581  0     
  89.6656    219.3753   246.5778   -101.29     13.84       159.08      959.14       721.6         0.062823    10917324  0     
  102.032    205.9553   228.35     -367.36     169.93      -292.56     993.6        756.3         0.023865    10975958  0     
  165.3082   246.4778   201.882    -238.5      10.1        -136.64     1327.6       1045.0        0.048732    11008199  0     
  161.5997   238.5204   203.3129   542.46      504.92      -440.72     1099.6       784.2         0.020259    11012477  0     
  152.7001   247.7311   202.1019   481.6       -159.68     -261.01     1059.6       824.0         0.1471      11012986  0     
  176.6728   241.0394   212.039    134.1       -35.8       -348.57     1218.8       888.9         0.028131    11031148  0     
  235.8972   230.5907   220.3023   -69.66      193.59      -149.97     998.28       718.7         0.082958    11131742  0     
