# X(Mpch)    Y(Mpch)    Z(Mpch)    Vx(kms-1)   Vy(kms-1)   Vz(kms-1)   Rvir(kpch)   Vcirc(kms-1)  Xoff        Nhalo       Distinct/Sub  
  21.8084    13.6887    9.2081     -842.6      101.08      668.38      183.13       245.7         0.012711    18613.0     12008.0       
  0.2087     28.6241    17.3936    596.15      14.49       -191.47     41.973       200.0         0.030525    33171.0     25869.0       
  36.0815    43.1653    18.8786    -415.38     -317.1      -1213.6     259.34       193.9         0.020567    43795.0     31070.0       
  16.5407    24.9223    24.4034    -654.98     161.33      -274.67     136.1        356.3         0.1074      53572.0     42318.0       
  44.9684    48.3959    40.756     229.59      -183.27     -706.22     251.19       322.9         0.0093209   80343.0     79934.0       
  59.7584    37.7123    5.0573     -458.97     -287.53     55.08       110.28       335.1         0.025848    110491.0    107963.0      
  61.9967    14.3035    21.4635    -380.37     294.66      -602.6      132.92       377.1         0.037197    153820.0    146540.0      
  64.1526    35.5101    3.4295     -896.8      465.43      -222.76     170.86       398.6         0.032795    194576.0    192054.0      
  116.8937   19.1974    10.9267    -178.99     -126.96     126.09      167.15       460.1         0.021933    210583.0    214401.0      
  122.376    13.6865    10.7009    601.39      103.19      -144.9      301.96       675.6         0.1027      213315.0    218564.0      
  100.0796   41.1497    13.0781    244.67      -707.99     131.25      70.013       227.6         0.073854    235708.0    233089.0      
  104.9394   27.5912    22.3641    659.71      -140.01     -496.54     48.077       300.9         0.091163    259681.0    249727.0      
  124.8702   10.7915    31.291     200.89      -10.45      908.89      111.95       342.8         0.081318    262948.0    262499.0      
  110.187    8.3066     27.9213    441.89      219.65      -204.44     344.36       191.4         0.092107    248878.0    262884.0      
  112.0049   2.3468     32.109     620.39      779.86      -835.12     73.024       288.5         0.042984    268156.0    264633.0      
  124.0647   5.3894     35.9879    879.72      654.72      -241.68     244.8        474.5         0.020704    268648.0    277051.0      
  109.5998   23.192     43.7402    -62.05      411.5       143.47      139.03       380.4         0.065634    288743.0    294114.0      
  111.3617   22.679     46.0728    12.38       -167.99     42.85       144.53       358.4         0.017198    300750.0    308401.0      
  173.4075   11.3742    25.6369    1037.69     548.45      -86.9       121.29       352.0         0.028949    365195.0    352093.0      
  171.2652   21.894     31.3755    626.3       544.02      563.14      169.37       274.8         0.023653    367775.0    366576.0      
  175.8864   2.7178     27.96      874.5       340.51      -186.44     199.79       206.3         0.022302    362922.0    373025.0      
  223.9334   35.1227    10.4071    -16.78      487.34      448.61      338.46       255.9         0.021303    417934.0    424596.0      
  34.4622    72.0328    44.9372    837.64      1040.78     -114.64     265.76       247.6         0.1374      580588.0    583552.0      
  49.424     50.6163    44.5808    -570.64     396.21      -228.9      218.45       324.3         0.044356    587094.0    588959.0      
  61.2895    100.1619   35.6568    -1017.98    -167.86     1160.19     293.82       547.9         0.045929    1127931.0   646950.0      
  84.9592    77.4847    44.016     278.71      -241.32     -395.56     219.79       275.4         0.033624    653216.0    658048.0      
  104.5717   88.1982    1.1852     -342.69     34.72       -129.83     319.1        360.9         0.021235    680249.0    682506.0      
  134.5493   67.553     26.5253    98.84       499.52      -596.4      204.15       508.8         0.018762    727588.0    744718.0      
  102.9183   90.1476    0.377      585.31      -340.74     253.41      273.0        401.8         0.049       789505.0    791561.0      
  161.7365   88.8943    33.9073    1159.56     -85.33      38.21       147.63       434.2         0.0048207   856197.0    854752.0      
  226.5743   51.8813    28.061     526.76      971.13      1334.43     171.75       442.4         0.081333    940918.0    934771.0      
  0.318      137.1285   4.0073     497.09      -425.52     -145.71     282.82       172.2         0.033048    986414.0    989230.0      
  8.0285     113.2974   21.1318    743.97      1000.03     -235.75     115.94       295.3         0.026768    1014657.0   1018937.0     
  3.9008     107.0366   49.322     -870.32     -552.05     -532.82     87.971       378.4         0.04027     1068886.0   1067673.0     
  37.5512    136.4172   49.19      816.72      367.14      108.36      245.05       256.9         0.043879    1072150.0   1074230.0     
  59.6019    141.6771   35.1263    -521.28     -1044.76    1027.0      222.9        281.1         0.061372    1130173.0   1134362.0     
  117.6824   127.0477   22.255     -633.08     -97.42      542.59      149.09       380.7         0.018086    1188034.0   1196856.0     
  168.8398   134.6381   17.9777    553.12      -484.89     -505.72     165.57       445.3         0.061223    1275296.0   1272605.0     
  174.6461   111.0599   38.8572    1405.22     -521.86     253.42      98.451       408.8         0.03495     1310852.0   1316334.0     
  244.5742   130.9853   40.4796    511.61      59.68       389.92      112.35       234.8         0.042794    1404771.0   1410345.0     
  249.9112   103.2187   48.517     0.27        -61.95      686.14      321.42       168.7         0.020688    1404960.0   1416744.0     
  236.9466   115.2282   45.8476    -9.58       -124.85     200.16      316.12       324.0         0.165       1408224.0   1421144.0     
  27.148     183.1287   33.9124    -159.93     -232.18     1186.92     214.72       371.1         0.014598    1469199.0   1475891.0     
  27.9476    185.657    46.5161    218.98      186.36      568.56      158.24       512.4         0.035144    1496282.0   1493798.0     
  29.5241    185.1841   49.4571    -523.77     -516.29     927.59      114.33       275.7         0.027747    1500722.0   1501058.0     
  67.2402    198.6441   37.5369    162.46      -1501.79    762.04      393.61       320.9         0.017331    1589243.0   1572521.0     
  66.1648    151.4081   34.8652    -362.65     185.09      148.7       187.4        359.8         0.03793     1564398.0   1572589.0     
  71.0845    177.5047   37.5805    -1550.9     230.83      137.69      87.24        316.4         0.029488    1580461.0   1578422.0     
  188.5675   165.8015   1.0952     -63.68      231.49      -247.49     179.34       298.5         0.045009    1670539.0   1672736.0     
  152.4085   195.3011   7.0597     246.14      -264.87     83.6        175.36       300.6         0.036347    1685675.0   1680462.0     
  241.5106   152.2893   39.3542    307.12      809.56      54.69       115.34       367.7         0.015727    1811139.0   1795608.0     
  4.3068     203.29     9.2826     -149.77     -319.78     580.8       297.15       238.7         0.094939    1835400.0   1832794.0     
  6.5689     237.0459   6.323      -214.85     -437.31     509.46      261.68       437.7         0.080754    1831561.0   1835176.0     
  82.3396    214.0076   24.0084    63.19       -158.04     459.16      139.45       362.4         0.032455    1957224.0   1955363.0     
  135.945    233.3247   12.81      52.04       209.74      -3.02       199.31       421.6         0.061714    2008161.0   2013869.0     
  170.5565   246.0974   18.2628    996.33      909.02      -884.79     222.11       488.4         0.018394    2110906.0   2099555.0     
  197.2657   238.4288   24.0929    125.43      320.93      -747.4      94.471       221.5         0.050132    2117081.0   2114390.0     
  216.7192   237.1934   1.4868     443.43      599.41      522.12      176.28       299.9         0.0418      2167029.0   2165197.0     
  212.924    238.9714   3.658      1343.37     371.08      -864.83     237.27       433.9         0.022922    2167811.0   2168092.0     
  12.7592    36.7706    95.9274    615.83      -860.81     112.67      311.01       194.1         0.050703    2313331.0   2317271.0     
  56.3502    48.9558    77.5075    226.05      -166.71     -29.1       172.09       389.1         0.1972      2361012.0   2366552.0     
  81.9274    42.3801    80.0426    -132.69     411.35      -30.99      191.35       174.7         0.01987     2367783.0   2368274.0     
  80.034     45.4362    89.5101    223.49      -580.05     255.39      241.7        244.2         0.040211    2401979.0   2403256.0     
  117.2416   16.9001    54.448     464.32      -612.7      -234.71     125.94       465.0         0.011894    2418463.0   2423662.0     
  175.4494   49.2604    57.3925    1162.72     -145.68     -140.19     320.43       417.6         0.031653    2508075.0   2511375.0     
  153.3539   8.915      74.2235    546.1       -260.27     18.58       523.24       260.7         0.040785    2542246.0   2545602.0     
  161.4574   4.4165     76.1145    -814.87     1245.2      -74.42      291.35       285.0         0.03471     2553914.0   2546453.0     
  182.6445   44.402     76.8002    107.04      -632.18     -456.97     306.6        276.2         0.0089117   2550708.0   2556636.0     
  201.1769   28.1798    76.9447    991.47      814.97      972.41      18.228       184.6         0.029507    2639099.0   2636851.0     
  64.7432    50.42      79.0122    231.63      440.77      -19.23      244.02       432.5         0.019718    2815105.0   2823637.0     
  56.1446    87.6306    93.0158    336.65      -394.12     -658.62     90.309       307.3         0.016575    2852034.0   2839811.0     
  57.3158    61.6292    90.9514    228.03      393.13      -693.3      345.05       199.5         0.027432    2844591.0   2845516.0     
  184.7664   66.1055    51.7094    125.42      -1168.54    919.3       435.51       231.4         0.031708    2931229.0   2933600.0     
  191.9462   65.4274    85.1657    314.04      762.21      -1153.07    232.16       307.8         0.031465    2997519.0   3000180.0     
  176.9706   53.844     88.6942    422.75      475.81      -912.39     92.805       173.3         0.02508     3006090.0   3000485.0     
  201.8257   56.6006    62.5443    213.4       -774.63     -181.75     231.45       278.4         0.016044    3043438.0   3049571.0     
  238.6102   96.5723    60.8741    760.35      -196.37     -803.77     269.8        283.3         0.0353      3054049.0   3053495.0     
  24.6357    105.6977   51.1353    -196.87     -65.32      -142.51     166.55       419.3         0.03749     3125849.0   3127620.0     
  4.4984     104.76     53.7294    45.65       26.43       -337.76     189.82       435.6         0.095149    3142711.0   3133205.0     
  27.7015    128.8174   97.1835    851.52      883.59      -692.36     268.19       370.7         0.052082    3216574.0   3214522.0     
  62.9339    134.8124   68.4033    -1031.63    933.62      -349.97     167.91       359.9         0.01286     3245201.0   3256623.0     
  83.131     110.8134   85.4546    -1003.14    -267.34     -215.4      143.23       326.2         0.031779    3280183.0   3281802.0     
  96.9009    133.8185   87.6639    123.13      58.18       787.04      177.92       363.7         0.018225    3278720.0   3285628.0     
  98.4648    134.919    91.1897    -627.5      -190.7      -411.16     328.94       290.0         0.047459    3285636.0   3286001.0     
  122.4172   141.8171   73.5557    -538.41     635.17      -189.36     269.39       202.4         0.010729    3338661.0   3347283.0     
  100.0266   133.9949   93.9086    162.8       -378.46     210.0       134.85       316.2         0.021626    3377461.0   3384633.0     
  210.4339   139.4659   64.969     -498.29     -335.07     -1130.72    94.1         335.7         0.020571    3483135.0   3480939.0     
  233.4648   149.0834   62.7783    -390.55     -729.33     786.94      165.68       217.7         0.020622    3471184.0   3480961.0     
  207.0208   141.0743   67.8539    169.65      119.86      704.7       266.25       301.5         0.033364    3485544.0   3485069.0     
  223.166    132.3335   65.6346    1232.51     -158.34     -685.7      229.7        354.1         0.036901    3493881.0   3491833.0     
  215.3647   134.4854   72.8132    626.04      -387.15     -146.4      319.8        538.8         0.009339    3506609.0   3506539.0     
  205.6363   129.3328   79.0606    268.87      -351.22     668.52      194.9        534.6         0.0033033   3507048.0   3514874.0     
  249.0589   146.1644   83.6379    -458.92     -258.33     -12.75      189.24       367.9         0.054547    3534192.0   3520118.0     
  31.3655    168.3532   62.2025    109.14      -75.51      -48.28      262.92       236.5         0.014371    3574314.0   3573267.0     
  42.7581    159.8448   61.0673    -16.57      247.57      353.19      353.81       341.0         0.032313    3581219.0   3579728.0     
  35.7318    165.2839   62.7326    -101.55     -29.1       600.17      211.64       224.4         0.1398      3595496.0   3579790.0     
  49.8942    168.2558   85.583     -183.96     300.74      335.32      171.45       643.8         0.037777    3637985.0   3635506.0     
  39.953     174.2006   98.214     -42.49      -196.51     190.93      155.0        352.7         0.010931    3664694.0   3670988.0     
  10.1233    191.5253   97.8765    -598.02     255.56      161.28      292.42       292.7         0.0088492   3658313.0   3671034.0     
  37.4214    195.1946   98.6117    -717.53     -567.71     36.86       304.26       657.6         0.1364      3671444.0   3671080.0     
  25.0572    190.9388   98.798     1804.15     -420.68     662.92      347.21       432.6         0.028106    3672132.0   3673193.0     
  48.4556    163.7696   96.493     1127.76     829.24      -1247.56    191.77       428.5         0.026743    3673672.0   3677222.0     
  51.4694    152.3019   54.2033    -888.72     -101.47     867.85      218.98       468.1         0.020365    3682139.0   3687190.0     
  67.8426    192.9039   67.1745    -375.29     -492.11     -1219.75    106.38       295.8         0.01558     3719275.0   3710901.0     
  72.8001    195.1901   78.7183    -394.44     -874.96     -133.03     252.6        244.6         0.01887     3737447.0   3743653.0     
  51.4729    164.2732   92.8797    -1282.55    1772.72     562.89      219.7        569.9         0.020083    3754575.0   3762363.0     
  126.5525   176.389    57.0934    -175.82     -316.88     -107.4      154.38       468.7         0.052023    3795785.0   3786683.0     
  129.0893   198.5739   74.3417    472.3       7.05        204.67      396.71       249.7         0.026889    3813715.0   3815390.0     
  156.6686   175.0603   87.973     -237.37     1239.24     398.22      133.54       431.6         0.015167    3930631.0   3939661.0     
  217.198    159.9902   68.7443    936.65      -722.38     25.68       275.14       220.5         0.029719    4012610.0   4002923.0     
  235.2944   190.4942   84.709     277.9       72.01       877.97      96.124       285.5         0.023933    4023912.0   4027541.0     
  233.9932   191.3407   94.1531    97.1        -261.82     259.48      53.122       323.1         0.012933    4055621.0   4061713.0     
  5.0628     227.4213   70.5426    12.27       -317.0      -21.43      185.24       467.4         0.032633    4097983.0   4104205.0     
  79.6509    235.5112   64.5719    -228.07     150.54      -590.68     236.32       391.6         0.022772    4168793.0   4174074.0     
  174.1885   236.4984   73.2937    -363.7      1009.58     -214.26     171.62       379.4         0.0094911   4373706.0   4361100.0     
  171.4622   227.0901   75.4965    556.6       223.63      406.49      284.04       195.7         0.029804    4376197.0   4369263.0     
  166.2706   204.2435   88.2199    184.82      -522.97     148.08      84.512       367.3         0.077082    4382507.0   4389024.0     
  187.8392   224.5588   96.2788    3.11        340.54      451.5       228.41       264.5         0.1175      4402186.0   4406185.0     
  213.0211   216.4415   51.6336    60.39       1090.29     670.01      165.34       283.5         0.1314      4416726.0   4418691.0     
  222.0979   225.3858   50.7662    306.58      -607.53     -325.05     162.27       364.2         0.07386     4418267.0   4423626.0     
  236.5466   243.2412   66.2649    657.18      1045.01     -715.64     158.14       301.4         0.066903    4443619.0   4456939.0     
  206.5144   239.9491   93.9348    89.21       -575.37     -563.04     136.62       229.3         0.019997    4493283.0   4488551.0     
  209.5986   247.2657   93.5128    64.97       -1411.27    140.86      99.951       243.6         0.03716     4485331.0   4492235.0     
  43.7755    8.1208     105.3803   -148.18     -686.43     164.78      214.23       305.1         0.1012      4519674.0   4509964.0     
  49.2009    37.9453    103.2902   -320.63     272.72      -549.9      316.85       571.0         0.011866    4516339.0   4512320.0     
  30.4276    0.6782     121.6568   274.67      -637.37     -286.12     322.68       273.0         0.025499    4535740.0   4549954.0     
  7.8061     35.3195    145.9672   -3.33       390.03      -42.33      321.29       410.0         0.039295    4579652.0   4575795.0     
  73.8562    9.2556     114.1823   -41.96      310.65      200.32      237.16       404.7         0.040272    4622857.0   4633256.0     
  86.2315    28.0673    125.2314   -185.72     139.95      -104.59     198.26       399.6         0.073329    4656739.0   4641886.0     
  66.8058    33.2747    136.1807   -527.28     186.08      -149.22     307.38       385.0         0.01889     4684610.0   4676643.0     
  92.4019    13.1807    140.8934   -116.37     185.09      210.16      178.9        258.5         0.193       4678200.0   4677315.0     
  67.9313    30.6393    137.8143   -1224.92    817.45      -434.23     209.83       380.2         0.01766     4684188.0   4683702.0     
  177.7481   27.8128    109.3538   -420.05     256.76      -868.54     290.16       459.9         0.034181    4802618.0   4796826.0     
  245.9653   38.032     108.8689   513.11      259.5       303.18      335.37       248.2         0.015174    4864135.0   4875112.0     
  222.0639   15.6092    145.9898   722.54      251.2       454.62      193.9        198.5         0.075192    4950790.0   4947295.0     
  140.0196   64.1446    117.6551   922.42      985.32      151.06      178.76       310.3         0.029947    5142529.0   5153497.0     
  125.9083   52.5036    117.3792   -790.31     -353.23     -365.77     316.62       175.0         0.015155    5180036.0   5167509.0     
  140.4446   67.4652    118.2162   465.5       -1034.51    393.14      126.85       352.5         0.1101      5159417.0   5169204.0     
  145.0512   88.9489    135.9756   724.93      -456.61     -555.48     177.5        384.1         0.023362    5206935.0   5192917.0     
  138.7262   82.2518    137.9594   1176.56     -469.82     194.71      147.44       367.9         0.041941    5204407.0   5212159.0     
  180.0739   58.7464    100.8931   -294.8      -366.51     54.87       223.94       423.1         0.039627    5240772.0   5237408.0     
  173.2607   61.9051    108.7828   -100.51     -796.97     -328.78     218.63       242.4         0.039373    5242052.0   5250366.0     
  177.7976   58.0415    108.5162   -634.47     -219.03     753.34      194.13       229.3         0.064491    5251172.0   5251551.0     
  172.885    65.5523    112.4724   -89.45      73.62       12.31       337.09       259.9         0.021774    5241681.0   5258034.0     
  150.206    92.4218    131.9008   -382.38     -520.63     457.64      76.527       241.5         0.1627      5286333.0   5278106.0     
  168.5377   72.176     138.6165   -462.43     81.8        259.89      392.59       325.8         0.046716    5292305.0   5311217.0     
  203.0185   52.915     135.0257   -199.36     -232.93     389.76      296.66       365.3         0.024044    5376860.0   5375225.0     
  226.2777   49.7972    138.4252   498.9       751.63      820.87      233.23       185.5         0.047817    4918642.0   5377265.0     
  93.9848    125.1251   130.8506   516.45      -863.17     206.62      147.43       390.5         0.048702    5493606.0   5493123.0     
  96.5298    103.6278   128.6537   -315.48     -353.59     343.95      335.51       277.5         0.079241    5486767.0   5496276.0     
  95.2248    121.1001   131.4707   -566.52     711.78      433.2       165.25       367.5         0.017437    5493877.0   5510916.0     
  71.5294    122.8789   134.1861   540.1       -726.49     803.05      320.83       310.8         0.043119    5499424.0   5514176.0     
  116.5395   122.8207   115.1175   -148.14     -709.76     245.97      234.33       384.1         0.072636    5567173.0   5570544.0     
  115.7393   108.5573   135.772    187.89      -945.17     -259.38     287.46       349.1         0.024171    5618274.0   5610228.0     
  182.7636   118.5208   135.5814   412.93      -212.59     802.68      532.56       176.5         0.086423    5676145.0   5671314.0     
  32.4456    178.2594   100.5255   870.82      -1629.87    -1081.23    103.9        463.4         0.022475    5811170.0   5788104.0     
  45.5827    192.1652   109.707    -751.02     -4.02       -24.01      175.79       321.7         0.093124    5815565.0   5798550.0     
  47.7521    163.1164   107.4099   -51.74      269.46      -836.7      51.971       206.3         0.043475    5814575.0   5814592.0     
  44.2344    192.9753   110.2659   -721.72     -1258.64    -1473.58    127.29       294.9         0.022094    5837181.0   5823911.0     
  47.9117    194.0641   111.5882   -119.3      -469.77     -852.88     234.96       385.0         0.045401    5830626.0   5823984.0     
  76.7744    160.8651   100.3202   587.59      425.93      -541.84     164.33       252.3         0.044811    5902543.0   5901044.0     
  105.3464   184.3694   107.1858   372.59      504.88      -29.33      96.149       444.8         0.037749    5995756.0   5998150.0     
  215.5227   153.2164   105.0911   372.66      -1025.89    -594.02     110.66       401.4         0.020981    6121089.0   6128957.0     
  247.0034   197.8291   115.1539   938.0       -691.5      -1257.99    56.153       222.3         0.0369      6158374.0   6152208.0     
  236.1072   175.4214   132.5681   616.13      -853.36     -329.49     33.257       200.6         0.066644    6178183.0   6163999.0     
  245.9684   152.0572   149.3227   397.4       217.26      -652.37     102.14       460.0         0.026408    6208277.0   6207841.0     
  148.7697   208.4522   147.2929   743.59      259.53      -10.51      264.09       584.9         0.1039      6418953.0   6427208.0     
  170.4577   203.0886   99.9317    -524.55     -777.92     1035.86     230.61       417.8         0.025042    4406035.0   6431710.0     
  182.2003   229.0608   107.88     11.61       265.27      -235.47     100.2        413.4         0.02399     6451347.0   6445795.0     
  229.2611   234.4035   129.4486   -918.24     221.21      -200.74     166.63       436.5         0.022212    6579688.0   6586333.0     
  217.4893   249.8222   140.2052   -1029.41    398.19      698.05      146.4        284.7         0.035031    6611312.0   6613983.0     
  216.2387   246.6661   140.9591   353.41      250.15      -528.5      87.754       324.2         0.017928    6607460.0   6614846.0     
  17.7696    33.6565    151.726    -372.86     -1571.74    -183.51     210.12       372.4         0.015303    6635671.0   6627965.0     
  6.6379     39.7993    150.344    976.03      521.04      429.05      97.544       252.4         0.044831    6627491.0   6627986.0     
  10.6101    39.9896    159.3511   -55.68      -20.57      -1063.54    257.33       229.5         0.041963    6662607.0   6658800.0     
  43.7822    43.4931    189.2835   -803.61     -695.02     613.22      282.31       236.2         0.041446    6700629.0   6695497.0     
  94.1723    13.4512    179.0712   -21.79      147.38      941.19      154.43       365.5         0.091194    6749357.0   6756614.0     
  145.006    27.747     178.0192   -1108.71    793.33      -834.8      262.36       477.0         0.021354    6840378.0   6843562.0     
  135.3846   45.7363    180.1829   -165.02     -1371.98    -435.19     315.42       579.4         0.013696    6858142.0   6850810.0     
  112.7367   12.5771    197.5817   405.41      -222.14     286.31      91.458       359.4         0.012418    6883586.0   6872761.0     
  206.713    33.0274    174.5306   -314.38     204.55      79.67       111.28       392.9         0.159       7009121.0   7010495.0     
  242.2023   25.2057    180.6709   -143.09     115.3       305.79      202.09       236.8         0.025887    7024118.0   7014105.0     
  6.3306     69.382     166.1925   -50.7       -183.75     668.71      386.78       261.9         0.011687    7091029.0   7095181.0     
  57.5172    51.9624    154.5513   -713.2      36.62       392.54      343.22       285.6         0.084211    7161097.0   7158841.0     
  125.9306   60.9886    158.3468   59.94       220.74      202.05      282.48       352.5         0.025904    7246158.0   7247072.0     
  137.4014   63.8226    176.479    70.38       -444.9      -731.87     97.587       339.8         0.025332    7286424.0   7280252.0     
  139.8055   56.635     179.8824   -145.63     -340.43     629.77      233.6        384.4         0.049676    7285472.0   7282792.0     
  108.277    79.7132    180.0606   332.2       -73.11      49.01       137.61       383.1         0.043813    7283549.0   7289010.0     
  138.7872   55.1192    180.2419   38.16       1026.18     -519.14     336.38       296.1         0.025489    7294531.0   7293208.0     
  143.4306   50.752     184.6498   -152.79     868.83      33.87       161.28       297.2         0.035134    7311125.0   7309684.0     
  144.3838   78.2193    190.5364   59.61       -352.12     195.51      140.38       306.8         0.042052    7304767.0   7310429.0     
  183.2203   88.5586    179.9448   883.17      -293.75     165.85      124.46       358.0         0.093819    7381169.0   7387859.0     
  206.8265   97.6956    153.5966   -1105.57    694.01      678.49      122.63       362.1         0.016999    7421835.0   7422598.0     
  203.8546   97.8829    152.8775   1927.61     160.15      280.7       76.181       227.3         0.033732    7437711.0   7423493.0     
  225.5076   53.413     166.1117   -49.36      -156.68     -87.31      206.92       458.1         0.048411    7458230.0   7471278.0     
  229.0762   55.593     168.0931   128.76      17.76       -716.07     94.964       374.0         0.040089    7462536.0   7480459.0     
  246.5492   52.0537    179.7253   -673.29     -140.45     -457.38     200.03       422.3         0.061765    7498521.0   7490481.0     
  203.7153   99.2807    177.5585   -127.28     370.72      599.13      75.066       196.3         0.1892      7496253.0   7490984.0     
  237.6456   59.6462    186.7341   -541.98     -459.19     -630.8      105.5        204.7         0.037843    7517843.0   7508503.0     
  231.1378   74.0388    191.801    393.26      1251.41     130.03      170.64       292.1         0.02524     7518946.0   7510106.0     
  216.4252   88.3015    190.741    63.84       -87.2       337.67      259.1        235.3         0.056117    7507784.0   7514109.0     
  3.4148     123.3313   177.5913   281.12      876.09      698.7       231.55       238.7         0.0036376   7575106.0   7576942.0     
  30.5635    135.6183   182.9795   -592.72     627.76      152.56      209.2        358.9         0.014583    7581614.0   7588338.0     
  43.4384    145.1368   188.292    -313.73     -263.54     218.85      15.1         164.9         0.05539     7604445.0   7604452.0     
  22.4309    132.9304   192.248    281.76      -38.88      -715.38     120.74       350.7         0.026552    7622078.0   7611697.0     
  17.0198    125.1572   191.5635   151.82      -17.51      -99.92      114.91       433.4         0.021263    7619550.0   7616229.0     
  26.0363    129.4856   194.8096   -751.43     521.89      -125.14     323.28       412.1         0.008516    7620375.0   7617622.0     
  30.4459    100.0786   199.5693   166.45      794.52      -114.61     346.67       283.4         0.015376    7627700.0   7619417.0     
  125.239    104.4844   171.2453   92.14       -2.56       112.84      185.16       248.9         0.0091482   7738027.0   7734434.0     
  189.6512   129.3194   157.7827   -104.19     -1037.73    404.5       196.86       336.1         0.052075    7787254.0   7792932.0     
  190.1369   111.9923   164.6664   214.78      342.0       547.21      55.098       326.4         0.035445    7804414.0   7812175.0     
  185.6533   145.9344   174.1615   477.27      -128.77     -143.05     95.214       359.8         0.046463    7823062.0   7837420.0     
  164.3275   135.2435   185.5082   338.76      105.15      -108.85     262.84       339.5         0.022819    7855767.0   7858698.0     
  176.7841   128.0209   197.1934   705.2       -687.99     183.35      160.56       516.4         0.037715    7894038.0   7886744.0     
  184.4535   115.7891   194.8729   1227.1      -111.76     -61.95      242.08       343.2         0.031027    7887406.0   7888233.0     
  236.0972   140.9116   165.2474   -287.01     112.46      881.06      273.16       184.5         0.1008      7933602.0   7924881.0     
  228.2841   142.8819   168.4792   -415.55     -340.52     -235.86     496.81       324.5         0.0083863   7937477.0   7929255.0     
  199.7732   102.8162   174.3032   412.01      -77.78      1085.25     191.95       267.1         0.035889    7832433.0   7937541.0     
  235.9908   108.533    196.9773   356.14      -1188.54    424.77      144.58       255.8         0.023368    7990219.0   7992204.0     
  97.8959    199.4286   191.3335   -310.32     105.83      -1166.94    123.09       258.0         0.064094    8136786.0   8135350.0     
  145.7885   198.3234   175.7993   -440.88     270.82      -204.47     168.87       428.1         0.015571    8189607.0   8188256.0     
  104.4619   185.848    186.1748   -502.77     678.78      -39.02      74.783       390.9         0.024627    8195787.0   8192763.0     
  103.0801   190.5568   193.3824   -137.7      34.48       -155.88     119.09       302.5         0.1384      8205143.0   8213710.0     
  160.5563   177.4861   186.9714   752.62      -696.42     281.61      239.43       405.4         0.034073    8316597.0   8293409.0     
  239.1254   158.3534   198.6003   -289.45     702.59      791.04      176.62       221.8         0.035812    8415046.0   8424439.0     
  228.9775   166.0729   196.8463   -594.88     -368.47     -283.56     274.71       438.0         0.068212    8418822.0   8424947.0     
  236.9011   157.6562   199.4149   163.63      539.71      -906.09     150.61       329.8         0.061352    8424878.0   8425303.0     
  232.4878   169.2444   199.331    263.38      -222.96     259.2       246.32       264.6         0.05435     8423137.0   8427183.0     
  13.3461    208.6054   164.7229   -1056.29    727.59      210.62      166.36       261.7         0.056679    8452474.0   8456678.0     
  24.1319    210.0974   171.9957   -667.02     868.83      1115.21     164.65       448.4         0.052362    8469367.0   8483771.0     
  3.1667     213.703    171.009    900.68      34.74       -415.99     287.69       386.5         0.01497     8476769.0   8485357.0     
  44.4706    209.1938   194.739    1707.1      611.18      -87.62      180.81       302.5         0.050122    8538643.0   8526808.0     
  46.4375    210.2827   196.2626   414.35      244.15      122.69      133.15       278.9         0.1066      8537662.0   8546462.0     
  60.8086    221.5044   164.6934   257.22      259.35      -115.92     237.42       419.8         0.053479    8588213.0   8584105.0     
  100.0067   200.7549   168.3364   -173.78     210.24      -257.68     335.77       279.6         0.1118      8689845.0   8594705.0     
  138.3929   221.2175   164.5819   -431.65     -954.7      -502.63     399.44       203.4         0.0064253   8698740.0   8691580.0     
  99.5348    201.3523   172.0538   -249.5      574.6       -1067.67    287.21       205.4         0.062527    8607530.0   8704362.0     
  146.7369   245.7297   194.4555   10.18       124.63      -120.87     82.662       305.8         0.089086    8743429.0   8737058.0     
  124.56     224.3308   192.301    80.08       274.64      -103.07     144.72       320.2         0.064196    8741447.0   8744036.0     
  162.7565   223.1297   171.7287   1186.94     816.57      -523.41     270.82       395.4         0.01165     8810740.0   8799345.0     
  222.8485   212.32     160.9634   -1343.04    -669.72     -159.27     66.513       147.0         0.076983    8860763.0   8872088.0     
  30.4023    8.6184     207.413    -388.4      83.25       -131.1      155.11       314.8         0.043108    8944613.0   8939061.0     
  1.3982     2.0321     238.8021   -529.44     -106.81     -231.44     181.52       408.1         0.072885    9001152.0   8991926.0     
  113.9769   10.3853    220.7663   686.76      504.29      -403.82     149.62       438.4         0.05044     9122306.0   9118752.0     
  135.0183   37.424     229.1315   -354.32     262.44      -667.16     226.66       210.7         0.03186     9141789.0   9131600.0     
  114.7143   12.6607    225.8641   302.07      340.58      -833.21     209.65       262.6         0.0089961   9138060.0   9139573.0     
  123.858    30.885     234.5618   -653.59     -532.48     -485.99     316.56       282.0         0.015163    9151898.0   9141740.0     
  148.5894   40.3874    243.7637   -1609.09    -74.87      702.43      297.17       367.2         0.0090823   9164051.0   9172975.0     
  195.2917   42.306     205.9115   -744.73     595.07      641.95      166.24       377.1         0.024112    9201844.0   9190889.0     
  242.1406   47.1338    229.1616   -442.27     92.76       -361.08     275.93       237.9         0.0097592   9299485.0   9314749.0     
  212.6194   20.3628    235.2101   385.03      -191.08     -753.83     172.66       446.2         0.038734    9317702.0   9322673.0     
  43.3287    73.0056    200.7232   -656.72     206.78      314.65      202.76       452.6         0.056913    9355274.0   9351488.0     
  44.2362    83.7524    201.3353   363.85      -1012.05    456.64      331.94       267.4         0.01931     9355831.0   9352361.0     
  42.3525    75.2155    204.1176   368.98      254.85      476.64      296.8        199.9         0.015881    9370894.0   9363495.0     
  36.0276    77.767     215.5578   -54.07      -476.98     10.1        170.03       472.1         0.015451    9377442.0   9385665.0     
  8.2948     81.0394    229.513    -144.69     176.3       -38.37      104.49       331.4         0.031861    9420983.0   9407355.0     
  38.2837    81.6529    231.3226   -371.12     71.83       -84.55      91.687       326.2         0.014818    9428856.0   9422033.0     
  47.7352    66.9926    240.0815   275.64      -26.68      -135.01     166.99       234.6         0.1424      9444455.0   9431140.0     
  24.6413    97.3569    236.3862   -323.33     286.41      -99.56      176.12       242.3         0.012339    9424873.0   9436200.0     
  21.3932    70.421     246.0618   52.33       167.36      -366.2      185.74       507.5         0.0057374   9446027.0   9450184.0     
  55.0179    61.4093    245.9411   -201.21     365.11      -426.49     118.97       346.3         0.079456    9532759.0   9526532.0     
  103.5483   78.2284    203.0662   -417.75     -395.36     -134.01     144.54       417.9         0.1082      9544588.0   9543669.0     
  130.2552   93.9413    224.3738   -140.95     -194.75     -416.42     311.73       196.4         0.034458    9562302.0   9568810.0     
  128.0006   60.7303    238.3569   -161.6      -734.88     561.87      392.25       403.3         0.09        9586408.0   9592695.0     
  116.1922   85.6388    236.883    495.75      94.15       -2.01       159.14       500.5         0.036653    9605643.0   9602588.0     
  104.463    93.3268    249.0353   -568.37     -219.47     54.5        136.86       128.2         0.027011    9621921.0   9624926.0     
  161.9858   94.7893    247.4094   218.11      -1146.25    153.83      149.16       353.5         0.045452    9628360.0   9626616.0     
  215.6349   86.8816    204.8258   555.04      -322.7      1082.34     351.18       248.9         0.033832    9738009.0   9736977.0     
  236.92     91.9513    220.8169   -344.79     374.37      -20.99      218.35       378.9         0.1508      9780246.0   9767240.0     
  232.9022   97.1217    230.8656   -508.55     -1609.09    -1049.12    104.13       282.4         0.017462    9812462.0   9808284.0     
  30.106     119.3355   223.7208   132.62      209.83      1.37        118.25       507.2         0.0061688   9896532.0   9884456.0     
  93.98      112.8318   219.9284   -1638.66    -442.57     -1004.23    207.63       392.7         0.026343    9991388.0   9975785.0     
  59.0186    113.4485   231.4674   -1402.65    734.35      -602.88     184.54       365.1         0.015505    1.0014878E7 1.00071E7     
  128.8335   105.7216   222.2078   1260.51     -600.96     256.24      209.03       409.5         0.031924    1.0059842E7 1.0060951E7   
  106.7563   100.7864   244.2686   225.51      546.96      -774.1      53.212       287.5         0.033934    1.0100301E7 1.0099435E7   
  179.9806   143.7377   231.8658   -629.87     -619.33     874.75      68.296       255.2         0.048536    1.0177404E7 1.0179802E7   
  187.4339   118.7622   239.6835   -201.37     -725.17     -209.6      172.53       298.4         0.034378    1.0191963E7 1.0197538E7   
  214.0123   137.4577   245.3485   -407.69     -484.3      -1242.37    218.05       472.5         0.017337    1.0212403E7 1.0210961E7   
  213.2658   135.2434   246.2267   599.01      781.14      -416.95     282.1        520.7         0.032708    1.021536E7  1.0213625E7   
  202.4291   126.2753   203.9111   1025.18     -433.09     72.29       328.32       198.2         0.023809    1.0239778E7 1.0229348E7   
  207.4684   115.8288   207.2121   450.07      -752.77     -58.96      325.43       202.4         0.018154    1.0231149E7 1.0240125E7   
  224.3058   113.7315   224.4614   -617.47     -374.51     -69.38      220.99       527.5         0.030424    1.0283829E7 1.0272109E7   
  249.6527   101.8842   231.8422   994.23      850.03      231.03      55.327       250.1         0.024268    1.028977E7  1.0290269E7   
  215.2708   142.154    242.3367   374.53      -1186.79    -603.47     268.34       380.7         0.1391      1.0214959E7 1.030865E7    
  2.2919     156.3851   200.8062   -1018.53    -523.31     418.04      191.38       388.3         0.030469    1.0329264E7 1.0324204E7   
  49.8774    199.1401   209.8947   151.98      47.75       279.49      130.35       386.9         0.026485    1.0352165E7 1.034011E7    
  28.6039    198.6103   210.2659   455.49      -270.63     -4.64       257.55       358.1         0.010266    1.035169E7  1.0340873E7   
  34.6977    156.2423   241.8658   -375.86     -455.1      819.75      151.27       232.7         0.054215    1.0404123E7 1.0396704E7   
  53.2612    192.7145   202.3534   440.37      426.46      -43.81      110.22       422.5         0.047181    1.0410557E7 1.041214E7    
  62.0473    190.1315   211.6738   -695.65     -172.3      -156.37     251.09       315.7         0.02043     1.0440452E7 1.0429285E7   
  53.2521    185.6129   213.6563   -1052.96    754.18      734.07      163.38       357.3         0.0066405   1.0440817E7 1.0434927E7   
  62.5771    191.7443   212.7625   -1166.05    -57.01      -365.57     304.14       233.0         0.030745    1.0442177E7 1.044349E7    
  208.2494   168.5504   202.1568   -495.09     -795.12     212.45      118.11       378.5         0.024916    1.0650938E7 1.0652211E7   
  235.2922   198.7192   204.6509   257.49      -191.68     68.88       276.68       199.8         0.028665    1.0667688E7 1.0657213E7   
  248.3455   193.2812   202.1298   93.73       -178.58     -115.03     249.93       190.5         0.032188    1.0652E7    1.0658469E7   
  213.3974   151.8266   219.775    186.46      1008.31     804.89      206.05       253.5         0.023085    1.068855E7  1.0683359E7   
  222.9054   150.9741   217.399    1198.25     -509.97     455.91      186.56       137.7         0.044394    1.0694564E7 1.0683861E7   
  223.5948   151.5243   217.296    -264.95     -471.17     -496.13     200.73       316.3         0.029086    1.0680342E7 1.0688097E7   
  29.0932    210.3221   247.8459   -798.17     810.21      324.52      137.73       224.8         0.017145    1.0745534E7 1.0742712E7   
  21.3016    239.2264   200.7537   -18.42      -45.49      -192.58     259.13       408.5         0.03991     1.0755492E7 1.0748136E7   
  7.0868     214.9066   207.9568   -1091.39    -518.42     -725.57     273.26       246.9         0.010167    1.0764293E7 1.0765243E7   
  41.3248    245.1291   228.8961   -814.95     -643.02     201.68      221.51       274.8         0.016967    1.079913E7  1.0805253E7   
  55.1272    201.9139   208.64     -368.04     -555.7      697.2       272.58       275.3         0.051649    1.0868733E7 1.0852581E7   
  89.3104    219.5299   246.8878   37.84       175.03      79.58       113.38       281.1         0.043638    1.0918187E7 1.0917324E7   
  101.9772   206.3004   229.0292   47.63       391.28      90.99       58.784       191.0         0.046133    1.0973563E7 1.0975958E7   
  165.2969   246.5834   202.4026   405.24      -255.79     -1639.89    162.52       371.6         0.027837    1.1022678E7 1.1008199E7   
  161.377    238.5045   203.2962   615.15      535.07      -339.95     213.44       490.4         0.097148    1.1019326E7 1.1012477E7   
  152.6805   247.6751   202.5004   -11.09      -14.43      365.11      173.61       514.1         0.024999    1.1004563E7 1.1012986E7   
  177.3243   240.9553   212.5066   -1033.7     -881.37     -522.5      187.77       292.4         0.018876    1.1034561E7 1.1031148E7   
  236.3223   230.9419   220.6593   -279.91     -639.83     -500.19     126.76       431.4         0.024987    1.1137294E7 1.1131742E7   
