# X(Mpch)    Y(Mpch)    Z(Mpch)    Vx(kms-1)   Vy(kms-1)   Vz(kms-1)   Rvir(kpch)   Vcirc(kms-1)  Xoff        Nhalo     Distinct/Sub
  21.8107    13.8922    9.5452     18.43       105.25      -36.77      1005.6       799.8         0.023948    16859     0     
  1.7431     29.7327    17.825     325.78      259.99      180.5       912.7        736.1         0.038786    18820     0     
  35.721     43.2767    17.7143    88.81       -52.83      -141.97     1135.6       953.0         0.020033    30543     0     
  45.2071    49.7063    39.9117    -63.67      289.13      -188.14     1123.7       823.1         0.034702    67757     0     
  60.1005    37.6155    5.0936     550.63      -462.2      -136.06     1049.0       920.8         0.1603      94882     0     
  60.4603    16.1173    20.9961    -66.3       485.17      -327.72     1154.3       866.0         0.056309    126042    0     
  62.4418    37.1018    4.4659     -653.34     314.53      337.56      1429.0       1051.0        0.06886     169094    0     
  104.1337   42.2757    7.5475     -29.19      -149.94     251.6       1043.7       755.4         0.1182      179776    0     
  121.9042   15.2834    10.4533    -42.5       222.33      -159.11     1587.0       1162.0        0.082334    190539    0     
  117.0243   19.8093    10.6106    404.58      72.94       -214.39     1303.6       972.1         0.1005      191122    0     
  109.7834   24.7367    16.1069    -37.46      517.2       -162.19     1181.0       801.0         0.065292    201568    0     
  100.71     41.0122    12.2529    38.24       -78.45      -45.68      985.16       734.1         0.071639    205087    0     
  106.8804   26.8924    21.3689    502.42      -199.3      -245.49     1120.0       809.1         0.095699    216508    0     
  128.1048   6.9194     27.7904    -131.45     598.69      176.14      990.21       798.6         0.011895    228273    0     
  112.4118   9.0103     28.909     397.18      317.88      54.46       920.85       736.5         0.019952    228350    0     
  113.0128   4.5663     31.6165    237.93      644.17      -134.05     1127.7       887.4         0.026189    232043    0     
  125.3881   9.979      31.0885    16.7        -235.97     -26.4       1090.4       847.6         0.024626    233868    0     
  137.3404   11.792     36.2666    -154.14     1.62        -234.21     989.77       778.1         0.032348    240623    0     
  125.4801   7.7064     34.7614    287.63      410.12      -385.17     1227.7       881.3         0.1257      249751    0     
  111.2727   22.8238    44.0842    52.87       -90.43      -172.11     1248.1       933.8         0.1078      263626    0     
  118.307    24.4545    4.1653     168.96      -206.28     337.45      981.43       772.0         0.018081    280421    0     
  173.5623   11.7728    26.7329    -206.39     -228.81     73.12       1565.6       1134.0        0.1586      311283    0     
  175.2041   3.9831     25.391     -516.94     208.81      -613.0      1264.8       1010.0        0.065415    329460    0     
  224.3564   37.0359    12.4769    201.5       517.44      462.41      896.77       739.3         0.016531    371636    0     
  233.4552   44.6537    16.1133    116.38      -86.78      395.91      1045.2       766.8         0.082271    377743    0     
  227.4753   41.0612    17.8877    -137.01     597.27      -705.42     1466.0       1007.0        0.083231    387009    0     
  245.9524   12.1504    31.6709    53.78       21.44       102.67      912.21       714.2         0.012292    400299    0     
  16.4921    55.8962    21.2028    -184.49     -101.06     -68.21      1011.4       790.7         0.032127    474094    0     
  35.7921    72.351     41.2779    -116.32     -182.28     464.89      1025.6       771.9         0.053135    496797    0     
  35.3436    72.5706    43.4796    75.71       187.28      -441.28     979.96       760.4         0.064767    513256    0     
  47.5363    51.0396    42.756     -382.34     152.41      -363.29     1139.3       821.3         0.077082    515081    0     
  83.5674    76.1183    44.0476    -252.37     -313.22     1.67        973.11       754.6         0.028       578018    0     
  104.5281   88.8204    0.4079     -193.01     -176.64     33.92       1577.2       1148.0        0.1523      597115    0     
  109.8579   63.859     11.6173    405.18      29.16       98.52       1078.5       770.2         0.071553    616453    0     
  138.2348   67.741     16.6646    -63.23      -315.03     24.46       1058.8       789.1         0.042499    623040    0     
  133.999    66.5067    25.3874    -133.63     -291.24     -269.71     1451.9       1162.0        0.013203    647711    0     
  128.1127   59.2335    27.6016    281.27      123.59      -167.54     1134.4       835.4         0.057164    658568    0     
  192.1465   85.5044    21.4754    -58.22      119.01      159.86      919.89       731.7         0.038668    730046    0     
  163.1461   88.4148    32.4531    226.24      -143.54     -370.28     940.88       737.7         0.011891    749464    0     
  242.0293   51.5158    15.7557    41.21       -23.47      295.97      1108.8       799.5         0.036719    794911    0     
  227.4317   51.6395    27.5516    111.49      -69.02      -125.62     1414.8       1131.0        0.01825     815860    0     
  219.8323   65.3653    36.7515    56.01       -208.02     23.47       879.14       716.2         0.056883    837308    0     
  0.5632     135.328    3.4328     -14.4       -492.36     -84.89      899.59       762.5         0.010074    859843    0     
  6.9974     114.5135   21.2936    -301.09     271.19      56.39       938.0        744.6         0.018313    893355    0     
  30.9743    102.8489   40.1524    -136.89     94.7        88.19       925.51       731.1         0.056625    918911    0     
  3.0752     107.7344   49.5613    -219.11     -9.01       204.47      1000.5       752.4         0.026279    935613    0     
  48.7557    142.5828   47.9035    -171.21     -86.28      -224.36     930.26       730.6         0.046182    936533    0     
  69.0973    138.2959   6.4743     -353.78     76.87       255.45      885.99       714.4         0.033991    946139    0     
  56.3289    141.6131   35.8682    -345.42     116.34      146.65      1262.1       917.9         0.1508      993210    0     
  58.9964    100.5794   36.526     -353.74     578.67      555.17      1452.7       1156.0        0.024034    995528    0     
  117.2403   126.0601   22.1866    -106.07     -172.8      -3.91       934.88       738.4         0.0098135   1046938   0     
  176.7066   109.2901   37.2971    239.97      -236.1      -426.74     1299.3       1024.0        0.028315    1140549   0     
  240.969    127.1509   25.2726    553.56      -41.69      243.31      1042.3       766.7         0.046868    1189613   0     
  247.7292   132.0952   38.616     -411.73     -767.55     -35.38      1107.4       784.0         0.2034      1215355   0     
  245.6575   130.5415   39.6968    349.19      -21.78      -340.55     879.46       709.7         0.015289    1228073   0     
  237.17     115.6728   45.5008    -189.08     313.68      1081.24     1469.2       975.5         0.1035      1236690   0     
  237.5352   128.9484   48.766     341.64      -158.54     -80.53      990.44       711.1         0.042769    1237750   0     
  26.1054    155.0733   9.5381     41.27       -250.31     -182.63     941.91       738.7         0.026876    1251563   0     
  26.802     183.8025   35.5789    -68.16      169.05      434.68      965.99       798.6         0.031991    1283920   0     
  28.9869    185.528    49.0719    33.4        453.95      -110.98     1427.4       1052.0        0.033627    1301526   0     
  66.5557    197.5786   38.7487    -135.21     -102.22     133.12      1437.6       1112.0        0.021159    1364712   0     
  69.4221    178.4282   38.8672    -349.37     -5.11       126.08      1177.9       872.9         0.044979    1372550   0     
  189.4719   164.6041   0.0032     216.8       -271.06     -203.28     1084.0       821.8         0.034941    1451465   0     
  152.9596   195.3639   6.0036     -115.24     251.01      -414.28     1229.6       921.5         0.062855    1458943   0     
  233.5048   186.0246   15.1421    384.17      -172.32     -30.5       1047.4       783.3         0.027062    1521429   0     
  241.2634   150.7859   40.6129    50.62       -650.01     359.48      1260.9       919.6         0.079083    1555653   0     
  5.2599     202.4911   10.0801    244.16      -65.85      -91.86      1357.8       988.7         0.020919    1588953   0     
  6.3868     237.455    5.411      -79.07      -29.85      -401.15     1203.2       950.3         0.071351    1589699   0     
  6.3639     200.4612   13.0633    -352.46     477.85      -940.18     839.43       712.6         0.045199    1616142   0     
  5.4331     249.2352   21.6223    -182.8      -34.6       -395.93     999.93       787.6         0.045033    1619206   0     
  97.3763    222.3085   47.8778    25.25       -37.53      439.76      960.6        796.4         0.034513    1721907   0     
  141.6987   247.5382   17.9154    -481.82     146.28      325.85      1012.9       793.9         0.069557    1742031   0     
  148.6551   203.7614   12.8044    33.95       343.57      -22.45      951.52       721.3         0.025602    1747035   0     
  156.7166   242.6763   16.7274    448.01      794.44      43.4        920.2        721.8         0.029203    1814101   0     
  170.9709   248.4787   18.8781    56.3        442.53      310.19      1142.9       867.2         0.041348    1819354   0     
  215.7919   239.7781   2.2014     719.97      -106.37     -499.22     1160.5       829.6         0.062996    1871635   0     
  10.9697    36.0819    80.3283    -128.25     144.25      -63.24      1094.9       782.9         0.055812    1976209   0     
  12.1745    36.4633    96.0124    -137.8      22.1        60.97       898.93       743.7         0.032485    1998406   0     
  89.4899    48.3543    53.9506    -78.93      39.52       49.06       1025.9       711.6         0.073418    2013622   0     
  57.7075    49.8832    77.8971    408.17      303.9       101.84      1014.1       813.5         0.0103      2042272   0     
  79.9882    45.7087    84.7       -406.16     -211.66     377.81      910.83       701.3         0.032772    2043114   0     
  80.9331    44.0945    79.8052    -352.07     475.96      -54.97      902.41       713.2         0.028554    2044723   0     
  98.1599    41.4594    94.4756    92.8        480.61      120.3       1158.1       772.4         0.1353      2073344   0     
  79.5567    45.4758    88.5437    -161.81     199.3       -772.65     1138.0       780.2         0.1487      2073388   0     
  118.0629   16.6396    52.7515    131.79      59.55       -375.28     984.07       798.5         0.019739    2088626   0     
  178.066    49.3806    56.5178    211.25      -531.43     967.54      1232.8       833.0         0.091497    2154763   0     
  156.4674   9.1289     75.1954    569.3       -135.75     -5.13       1229.7       939.6         0.040338    2187102   0     
  160.3709   6.9459     75.3458    -107.55     366.5       -15.56      1418.2       1079.0        0.065706    2195349   0     
  182.3471   45.0353    76.0398    -124.95     256.34      -138.91     966.46       746.8         0.015718    2202326   0     
  211.4187   27.3264    64.8521    -51.95      123.39      8.59        907.96       712.9         0.035788    2252686   0     
  202.1087   28.8869    76.7112    112.95      136.89      -100.46     1033.5       798.6         0.03055     2273242   0     
  6.9091     80.5894    83.14      -89.87      -16.37      -158.62     984.32       773.4         0.037753    2359752   0     
  42.9777    69.8711    82.4528    234.12      -139.84     -102.4      1098.7       835.2         0.037261    2362588   0     
  67.165     64.4949    69.3476    531.98      -143.15     -436.27     1447.2       1008.0        0.1447      2404814   0     
  64.0046    89.8752    66.2314    -241.45     -301.61     -130.64     955.42       726.9         0.0151      2415821   0     
  63.144     52.2615    77.7455    -147.44     134.56      183.06      1338.2       975.2         0.056793    2433638   0     
  55.4195    85.7689    93.13      -210.69     -465.61     55.92       1026.6       791.7         0.030386    2443921   0     
  57.3039    61.0208    90.0681    -105.15     -80.09      -221.3      1039.9       825.0         0.01871     2453546   0     
  54.478     83.1156    93.6383    396.87      -82.24      -224.16     893.31       709.4         0.025703    2455375   0     
  183.1748   56.3806    51.299     160.01      84.26       382.15      1290.7       933.6         0.069993    2527080   0     
  185.5322   63.4013    52.0767    268.34      -440.12     -26.78      1049.3       844.1         0.020053    2529250   0     
  191.2141   65.1005    83.9354    -138.31     20.19       -185.36     1441.8       1088.0        0.039088    2583532   0     
  179.1228   53.7502    88.3967    543.86      37.95       -190.33     924.4        757.1         0.022075    2590032   0     
  202.496    56.8661    62.1228    -82.32      99.11       -101.2      1012.4       782.3         0.029803    2619474   0     
  239.1435   97.4135    58.1147    -49.8       130.43      -77.4       1323.4       964.9         0.070177    2632697   0     
  4.1449     105.4119   51.7761    -90.9       182.26      -423.76     948.6        719.0         0.02429     2700880   0     
  33.4928    123.0182   87.0289    -98.88      180.48      -341.4      954.8        717.8         0.038814    2756579   0     
  61.3695    135.3938   67.2439    -400.21     316.87      -93.98      1306.7       1024.0        0.0081454   2810491   0     
  81.9359    110.4722   84.5914    -285.73     88.29       -197.93     942.05       738.6         0.018012    2833739   0     
  98.8677    134.4837   92.1643    -129.57     80.4        -33.41      1282.4       975.5         0.1551      2834178   0     
  124.0278   144.4988   65.99      -501.56     -101.38     359.65      938.39       721.7         0.0070817   2867050   0     
  104.2575   137.4808   71.1739    -373.07     -348.58     156.9       1052.6       729.7         0.047904    2882248   0     
  120.0456   142.0592   72.8927    -326.26     153.73      -20.78      1147.8       851.5         0.096463    2889994   0     
  212.2169   138.8155   65.9219    332.33      -107.4      348.47      1174.6       851.5         0.01062     2993586   0     
  233.6162   148.6142   62.1963    -0.01       -46.48      -58.44      910.03       751.3         0.017215    2999555   0     
  211.1767   139.8715   67.4969    1189.8      -406.26     -399.64     988.31       776.2         0.033224    3004002   0     
  223.6659   132.0888   64.7524    140.73      59.07       -178.44     1590.3       1147.0        0.1104      3008530   0     
  216.5793   134.618    70.6329    239.82      83.38       -600.56     971.51       795.5         0.034659    3022197   0     
  207.3384   129.1234   78.2926    574.41      154.27      -415.81     1237.7       949.3         0.062878    3028416   0     
  249.3913   147.1266   82.5744    22.16       196.56      -204.16     966.32       756.5         0.0063921   3032078   0     
  49.1399    152.2355   55.3573    -789.27     249.47      410.05      1144.0       884.1         0.02977     3074264   0     
  31.681     168.292    62.9065    360.0       -189.0      141.99      949.45       778.4         0.016169    3085187   0     
  42.6124    159.9738   62.1561    5.35        43.25       303.02      1117.8       822.2         0.038812    3086431   0     
  35.8597    165.7175   63.2608    145.8       53.39       278.54      984.32       735.5         0.069619    3086910   0     
  28.7399    161.2245   65.126     -242.63     116.85      -408.66     954.03       741.1         0.027738    3109179   0     
  38.3217    196.6796   80.3821    169.13      -491.6      95.36       1079.1       810.3         0.1145      3118661   0     
  48.9706    168.3185   86.3311    -236.41     -178.85     529.52      1457.1       1094.0        0.023063    3138604   0     
  49.0286    166.9427   92.254     -192.64     259.8       -393.97     2144.2       1602.0        0.033453    3164504   0     
  33.4537    178.8391   99.7398    189.47      76.01       -175.56     1746.4       1348.0        0.058637    3170176   0     
  10.7595    191.9225   98.4163    102.83      109.42      113.21      1139.5       844.9         0.075924    3171617   0     
  36.6613    192.3559   98.7213    -21.25      -511.6      -81.1       1434.5       1144.0        0.01591     3172637   0     
  26.0314    189.3278   98.8451    182.69      -374.55     -75.33      1449.8       1139.0        0.021858    3174117   0     
  66.1179    191.4535   67.7865    -412.55     -193.72     200.93      1231.6       940.1         0.032372    3203924   0     
  65.127     194.3005   75.6173    -273.8      -307.5      -106.2      990.97       719.4         0.016654    3227742   0     
  70.3273    194.9204   77.746     -671.03     -158.98     -269.11     857.29       701.6         0.017305    3236042   0     
  75.6037    156.0124   97.3199    -357.52     303.47      -294.13     963.59       728.0         0.065507    3258786   0     
  74.5277    160.5985   99.5147    -441.07     -133.32     -337.15     925.09       725.3         0.049271    3262554   0     
  107.2837   169.4228   65.1341    -570.22     -365.08     248.39      972.02       746.6         0.011289    3286750   0     
  130.1865   198.944    75.3883    -2.79       58.9        177.03      894.86       747.8         0.018206    3298442   0     
  156.0249   177.211    87.2836    -239.48     614.27      98.64       1358.8       1020.0        0.041098    3407319   0     
  188.8463   195.3791   99.1703    72.31       384.35      -116.44     958.64       731.8         0.070804    3420410   0     
  218.4984   159.2359   69.7117    335.63      -195.51     150.46      1284.9       1004.0        0.039502    3463967   0     
  222.0691   194.7472   76.6109    425.83      -137.25     -33.53      907.14       722.0         0.01417     3469430   0     
  228.3428   193.0114   86.953     726.46      -161.89     -86.9       1132.0       825.6         0.1025      3492289   0     
  240.2889   192.5121   92.0178    147.44      -34.58      -145.88     1151.9       804.9         0.031086    3496914   0     
  235.1538   191.2447   93.5376    677.27      -19.84      -491.43     1178.9       914.2         0.1445      3518421   0     
  235.1703   179.6325   99.5486    283.16      211.34      -108.92     1084.9       803.4         0.03484     3520565   0     
  4.4186     226.0794   70.8912    -193.22     -306.75     46.73       989.02       800.0         0.0085375   3552589   0     
  39.7756    219.9958   76.6882    97.43       -539.32     135.24      920.0        726.9         0.031053    3554145   0     
  79.293     235.6763   64.501     71.11       22.3        -38.62      1118.7       868.2         0.031565    3609814   0     
  85.4601    237.8642   73.9165    63.87       146.77      -91.3       993.98       733.3         0.07034     3631019   0     
  174.6992   236.427    73.9381    18.25       -323.58     -7.02       1234.6       990.6         0.031611    3769888   0     
  172.8198   228.784    76.0326    45.09       -47.25      66.27       1229.6       881.6         0.1064      3777991   0     
  182.2457   211.8128   91.9431    30.34       302.07      -109.83     996.66       808.5         0.1061      3796536   0     
  187.8171   224.6226   95.7961    -90.3       87.49       64.73       1191.1       905.1         0.033939    3809746   0     
  213.4689   217.6472   52.5798    150.32      75.11       183.6       912.04       700.5         0.037497    3823206   0     
  221.6788   225.3996   51.0296    -115.59     -75.27      55.04       960.88       781.5         0.013279    3825885   0     
  236.5526   243.1864   66.0541    65.24       14.68       -49.72      1038.5       841.8         0.013771    3849911   0     
  206.2527   240.3479   94.3452    -81.15      242.89      114.08      1138.6       854.3         0.070474    3881124   0     
  209.7119   247.2321   93.7391    -284.63     -157.85     184.75      1105.6       779.5         0.06933     3883923   0     
  49.2558    39.2141    102.3801   -93.79      166.77      -150.93     1255.6       906.9         0.1622      3903051   0     
  43.0879    8.0052     106.4991   -166.63     236.33      183.31      1036.0       838.4         0.023829    3904718   0     
  30.3079    2.6339     121.8457   18.89       264.78      122.22      1058.3       788.5         0.044059    3935690   0     
  7.9669     36.9438    147.5391   406.94      328.62      470.04      1240.4       945.1         0.053568    3970571   0     
  60.274     36.1196    113.0031   -1.38       42.5        -297.49     1000.9       729.5         0.1829      4001900   0     
  73.159     10.8127    114.8273   -313.9      46.14       -174.78     1306.5       1029.0        0.025608    4002485   0     
  66.4453    39.0779    122.2535   -258.17     89.35       78.42       956.18       710.2         0.05332     4019298   0     
  86.0129    28.3461    124.8394   -29.47      73.68       -95.26      1036.4       783.4         0.049082    4019674   0     
  66.2976    31.9617    136.886    102.5       -102.33     -75.97      1383.8       1028.0        0.05079     4044891   0     
  91.1605    13.9417    140.9885   -198.57     157.29      121.23      924.09       728.3         0.048175    4045124   0     
  58.5748    41.306     138.0216   -97.79      72.61       -214.72     1107.1       774.4         0.18        4050440   0     
  176.9314   27.9627    108.2208   -68.46      90.74       -223.07     872.11       711.0         0.014404    4142778   0     
  246.0133   37.9049    109.7651   165.5       6.65        360.37      1101.6       831.5         0.081173    4216582   0     
  227.4644   49.4601    140.3006   266.94      -214.53     424.83      995.89       794.5         0.031354    4262912   0     
  218.9488   4.8483     141.8354   265.9       -299.01     48.51       1011.0       720.1         0.038014    4276318   0     
  222.5226   15.9818    146.4452   107.12      40.28       111.24      987.58       764.3         0.018099    4279155   0     
  47.4103    63.6761    108.5161   214.56      534.6       -5.62       1059.1       798.9         0.1152      4301647   0     
  22.405     55.1912    120.5917   -173.66     -243.7      12.07       942.02       704.5         0.081552    4312979   0     
  140.1224   64.9155    118.9635   -215.77     -556.02     -175.57     1708.1       1164.0        0.062404    4459555   0     
  126.7512   54.0565    117.316    204.02      167.73      -120.42     1032.8       846.9         0.036312    4469954   0     
  148.5074   90.9202    133.4135   -325.98     -383.44     410.72      913.86       732.7         0.0173      4481190   0     
  144.1814   87.4356    136.7082   -296.46     -408.13     194.43      1008.1       734.4         0.050535    4488459   0     
  118.4006   71.4171    130.7915   202.36      224.97      -117.22     910.76       730.3         0.060011    4491349   0     
  139.3351   82.6547    137.799    215.86      227.06      -30.82      1266.7       981.8         0.081535    4504831   0     
  179.1988   57.9399    102.0052   -188.3      -217.99     203.0       1021.8       804.8         0.020322    4531017   0     
  175.0455   60.4321    109.5634   413.65      -438.92     107.81      1031.5       782.2         0.056524    4534738   0     
  176.6633   58.6103    107.0526   -167.15     274.99      -21.6       1154.0       880.9         0.02461     4547365   0     
  172.614    62.332     111.9405   227.08      -446.91     -28.33      1181.1       818.4         0.1426      4551268   0     
  168.1331   71.6537    137.8299   -355.74     -68.68      -21.15      1033.6       802.2         0.029285    4589285   0     
  203.4713   52.5964    136.8314   279.38      -11.48      533.31      1053.9       836.4         0.010144    4645868   0     
  95.0088    124.9905   131.3907   247.94      -125.53     3.42        954.24       749.8         0.0089449   4743098   0     
  96.6845    103.6028   129.092    165.46      108.45      167.0       970.46       793.2         0.030977    4748884   0     
  95.4775    122.7213   130.8778   36.98       476.83      23.76       966.91       735.6         0.02709     4755711   0     
  93.6208    128.5229   131.4928   206.64      -200.05     -105.69     1211.2       841.2         0.1317      4759230   0     
  73.51      122.2409   133.5472   406.97      -85.47      -175.5      1140.3       868.0         0.05595     4760521   0     
  115.9426   122.6128   116.0813   -127.67     -39.07      170.21      1318.1       992.3         0.033204    4807480   0     
  116.093    107.4846   135.5035   379.17      -250.29     -30.03      1366.0       1043.0        0.025385    4847472   0     
  183.6548   117.4061   138.629    304.89      -213.29     663.41      1014.5       822.6         0.010244    4899349   0     
  240.1781   141.0031   138.6096   73.35       71.86       56.55       950.25       714.8         0.078788    4976039   0     
  8.5747     197.7686   104.7382   -25.96      -494.39     -140.92     1077.7       865.6         0.046637    4999771   0     
  44.6298    190.9921   108.8709   -212.76     -488.25     -171.19     1590.9       1132.0        0.097761    5006293   0     
  46.1983    164.5414   103.1128   -608.16     521.72      -687.26     1066.5       819.8         0.058617    5021664   0     
  104.6556   184.2827   106.5309   -143.15     -7.26       -153.29     919.45       728.8         0.012876    5175635   0     
  217.5996   153.4085   104.376    554.58      -29.09      -110.05     1057.3       841.6         0.017658    5284787   0     
  236.8848   176.2466   133.4916   166.33      90.02       236.99      903.13       708.4         0.024444    5320313   0     
  245.1021   152.5109   149.0475   -125.31     581.67      36.1        1385.7       1048.0        0.072339    5351226   0     
  51.3279    209.2517   146.1331   -9.61       116.28      79.82       863.72       700.5         0.027941    5472044   0     
  149.7632   208.852    148.0039   286.45      220.79      -59.45      1533.0       1196.0        0.019669    5527767   0     
  170.2283   203.2207   100.8721   -110.85     78.69       243.97      1317.0       935.1         0.07596     5538883   0     
  151.8571   218.3738   109.3339   455.73      -25.93      95.11       971.63       712.4         0.027095    5550044   0     
  156.8477   237.6559   125.8021   568.04      492.79      353.53      1045.3       772.1         0.046818    5584154   0     
  151.5307   210.5886   143.1205   67.55       41.79       341.62      1056.3       746.9         0.04409     5615801   0     
  216.4831   242.6287   126.1681   134.23      -98.9       122.78      1087.5       841.8         0.053607    5663003   0     
  228.6194   234.3724   129.6452   -666.51     -21.99      40.72       1207.9       972.4         0.054461    5677530   0     
  218.2524   248.9648   140.5958   520.89      876.41      190.99      1240.6       743.4         0.2233      5700427   0     
  6.6305     39.8794    150.2841   50.0        8.11        -85.4       850.81       726.0         0.01666     5711366   0     
  16.6113    34.044     152.5608   -505.82     340.11      176.88      2043.0       1476.0        0.052508    5716951   0     
  11.4861    38.3172    156.1619   -288.37     73.68       -387.16     1198.5       872.0         0.075941    5728519   0     
  11.9106    1.4684     180.0876   -219.03     -618.52     464.34      988.09       770.3         0.054543    5753853   0     
  42.3946    44.2346    189.3913   -330.52     192.15      92.94       931.02       735.9         0.035299    5769704   0     
  132.504    39.5946    170.6402   15.27       -15.57      371.9       1014.6       721.0         0.1615      5877542   0     
  140.3694   16.9536    171.0827   127.8       188.56      -287.0      1088.1       708.4         0.1555      5883119   0     
  144.3531   28.5089    177.7297   -253.12     171.99      33.44       1638.7       1211.0        0.048179    5896514   0     
  136.9433   46.032     179.4427   416.43      109.99      -213.02     1448.7       1149.0        0.027513    5902968   0     
  147.5365   25.0162    181.5473   -490.64     235.42      -419.12     1127.6       787.6         0.052244    5906786   0     
  128.4665   18.7835    194.3534   -198.64     -225.62     -400.17     1191.2       916.7         0.083416    5916209   0     
  113.7345   13.0009    197.9932   158.03      8.19        87.93       1033.7       811.0         0.035265    5921871   0     
  246.6398   47.0034    150.187    839.97      -419.79     305.77      1560.6       1015.0        0.040014    5996372   0     
  239.887    27.2199    181.8231   115.44      136.55      209.43      1205.0       878.5         0.059546    6043653   0     
  223.2732   23.8719    184.4076   142.95      398.5       101.31      925.92       732.5         0.055173    6051726   0     
  237.5042   44.54      183.1731   -767.13     -56.7       -793.85     1084.5       867.2         0.1         6063614   0     
  5.0938     68.3695    167.5637   -141.67     -146.05     178.7       1095.2       848.7         0.027495    6115759   0     
  56.8925    52.1684    154.2158   20.66       -108.35     556.46      1294.8       993.3         0.058143    6168748   0     
  126.6221   61.2921    158.7205   209.24      -135.3      -42.29      1212.8       927.5         0.028669    6242154   0     
  103.7701   73.7248    175.6662   343.17      404.21      334.98      985.5        728.7         0.1397      6273802   0     
  139.1073   54.9491    180.1118   -41.0       -237.29     126.55      1286.9       877.3         0.072852    6275138   0     
  138.2036   62.5339    176.6774   -45.25      -243.98     128.57      1008.0       717.3         0.079207    6277092   0     
  109.0197   78.8169    179.8472   200.83      -191.4      -77.1       1110.3       838.5         0.046279    6281142   0     
  145.5372   77.9621    190.2963   364.36      7.37        -49.22      931.47       732.4         0.0083165   6301184   0     
  141.0617   50.5938    181.8147   -636.83     -40.62      -839.35     1066.7       820.1         0.034426    6306439   0     
  172.5144   92.0918    158.334    413.02      -144.77     140.85      923.73       714.8         0.0026194   6334229   0     
  185.8664   89.7499    179.3616   759.18      76.03       112.86      1227.5       938.4         0.1062      6363592   0     
  156.9728   86.3807    199.061    168.06      -108.49     137.72      1027.0       800.7         0.035854    6392112   0     
  204.3411   97.9213    155.5924   -228.69     -110.6      570.87      1350.7       1015.0        0.034101    6400480   0     
  220.2457   51.2806    161.9426   254.42      275.46      244.09      1217.9       894.9         0.053453    6421056   0     
  218.75     96.4266    170.0465   -367.54     -204.82     511.98      1027.6       782.8         0.042188    6424850   0     
  226.0093   53.5377    166.248    223.52      19.54       169.64      1067.7       802.0         0.1         6435730   0     
  228.4342   54.6972    167.7312   -172.1      -279.49     -62.38      1132.9       817.5         0.040638    6450683   0     
  202.408    99.8004    177.53     -228.54     283.96      97.67       1134.7       806.3         0.022329    6458111   0     
  244.1549   51.7584    180.3193   -562.45     -94.82      67.66       909.12       720.9         0.052455    6458619   0     
  207.6835   51.9229    176.1283   492.77      21.28       -6.07       962.7        776.5         0.04229     6460970   0     
  237.4528   58.5702    186.7112   -52.54      -281.55     -93.74      958.78       784.6         0.026665    6473436   0     
  231.3036   73.4503    192.9514   99.1        -18.76      520.12      1078.7       810.3         0.04167     6479096   0     
  233.7365   70.538     192.7356   -240.88     364.91      186.85      982.62       799.2         0.1121      6492866   0     
  2.4446     124.0816   180.1588   -165.14     18.61       649.35      1228.4       873.0         0.07536     6538508   0     
  28.65      134.8432   184.8913   -322.79     -364.05     513.05      1121.6       933.0         0.034143    6546531   0     
  45.9912    138.7747   185.22     -412.73     -314.43     246.0       1016.6       728.7         0.1112      6553678   0     
  22.2101    133.0261   191.8972   -62.51      -414.76     182.05      1321.6       938.7         0.2469      6564432   0     
  42.0182    143.6512   188.8518   -315.67     -333.97     58.3        1063.6       852.0         0.011636    6569489   0     
  17.4111    126.3303   191.9768   206.27      227.02      228.54      1045.3       827.2         0.024519    6572141   0     
  24.4222    128.9673   196.0638   -305.63     -68.18      237.97      984.22       724.9         0.028082    6572157   0     
  92.6623    132.8181   152.4579   -131.76     -33.55      -226.25     956.96       713.2         0.1021      6590099   0     
  67.0898    103.7615   185.8565   -88.16      186.31      222.86      1055.3       817.9         0.069643    6620499   0     
  126.0067   103.7859   170.6765   218.86      -137.61     18.81       966.8        769.3         0.026983    6669929   0     
  191.3975   129.1939   160.2556   586.82      68.89       181.55      1305.4       912.9         0.058666    6714648   0     
  191.2548   111.7894   167.6213   275.89      -201.23     134.61      1100.6       782.4         0.1651      6729197   0     
  187.2558   144.5622   175.6285   87.18       -133.01     322.08      1034.4       751.6         0.059079    6743653   0     
  196.2051   106.8626   179.5615   505.0       -483.2      221.81      1063.2       744.1         0.063072    6759577   0     
  166.6366   135.0224   185.1851   586.91      -219.94     309.64      1448.3       1038.0        0.042386    6774779   0     
  187.4782   114.1055   190.7114   444.29      321.77      262.34      1032.8       730.0         0.084987    6778118   0     
  186.9296   115.2217   193.8312   -53.25      -466.27     858.61      1280.0       935.0         0.071599    6793463   0     
  178.4722   126.4602   196.4404   427.68      -428.75     -18.31      1493.0       1177.0        0.010551    6807669   0     
  234.3278   141.8721   168.5319   -421.5      226.05      506.42      1217.2       891.1         0.090869    6838835   0     
  228.2157   143.0092   169.9866   199.97      105.79      514.78      1011.6       760.3         0.032108    6840421   0     
  210.8478   146.6624   168.8808   -371.21     -34.29      278.26      1059.1       776.2         0.028919    6840464   0     
  200.5952   101.9956   178.0291   118.35      -394.51     304.68      1313.5       952.6         0.1639      6849061   0     
  235.1498   106.9745   198.3022   -265.23     -163.43     266.68      1048.5       834.8         0.025786    6891490   0     
  202.5739   131.1186   198.7787   396.85      -8.7        274.64      908.09       716.0         0.059908    6893764   0     
  146.3268   198.2924   174.7836   129.1       -87.16      -233.36     1181.0       868.4         0.017537    7054318   0     
  103.3119   189.649    187.2988   -23.17      556.64      87.83       1359.2       983.7         0.059628    7063564   0     
  101.1612   192.1177   191.9573   -382.6      432.83      -386.33     874.1        714.9         0.011063    7076815   0     
  167.2468   170.194    180.0163   195.35      108.53      225.79      924.34       726.4         0.021562    7129764   0     
  161.6517   177.0724   185.5722   128.14      -146.6      -208.73     1561.2       1138.0        0.024062    7146949   0     
  222.8483   153.7221   181.8244   -81.25      -236.67     328.95      1208.5       889.2         0.022241    7230974   0     
  236.2302   157.4244   199.0807   129.26      220.92      67.03       1205.5       888.6         0.015855    7259533   0     
  229.668    164.5433   196.5855   -278.77     -304.79     395.79      1545.8       1128.0        0.062946    7262101   0     
  231.9099   167.3005   197.3404   -408.17     -709.27     -308.49     1061.4       807.0         0.058909    7264610   0     
  22.115     226.3849   165.0453   -328.79     54.97       222.18      1065.1       767.5         0.058052    7286959   0     
  13.2249    209.9352   167.2687   48.02       295.29      684.12      975.0        772.7         0.040041    7289167   0     
  24.758     233.1162   167.4139   100.63      -497.41     -21.96      947.89       702.3         0.061299    7302225   0     
  5.2308     213.505    171.1489   450.06      -67.37      192.79      1443.1       1153.0        0.0079493   7317137   0     
  22.628     211.5831   172.7981   -299.8      320.72      194.76      1212.2       902.1         0.040662    7319380   0     
  10.9185    212.6012   176.3995   41.74       31.75       -236.13     915.5        723.4         0.021388    7324317   0     
  45.3933    208.6262   181.7228   -120.35     560.97      277.85      1071.2       789.8         0.090054    7327243   0     
  44.9327    210.1526   196.928    359.73      -399.07     344.14      1560.7       1123.0        0.057116    7352328   0     
  98.0553    203.856    154.0429   19.87       -5.64       516.19      1043.3       766.4         0.07461     7381480   0     
  61.0346    221.666    165.4022   -290.19     -29.24      185.42      1503.0       1150.0        0.042803    7410315   0     
  99.7809    201.5508   167.8062   65.09       186.96      -80.98      1004.0       778.2         0.012269    7413473   0     
  99.6927    201.7836   171.9424   -52.3       280.27      -142.05     948.77       753.2         0.030964    7423391   0     
  63.0213    240.9884   171.5502   -14.12      -503.99     -24.66      912.12       706.1         0.035186    7430427   0     
  62.4336    232.4069   194.8549   -205.89     -83.72      7.14        1067.1       810.0         0.056658    7459505   0     
  61.8733    241.9706   199.0714   94.52       -371.96     103.48      884.61       708.8         0.01865     7472314   0     
  137.7631   220.2192   164.2892   120.05      42.16       -31.81      1003.5       760.5         0.045028    7508313   0     
  147.5656   246.8332   194.4881   141.49      302.61      8.94        962.2        777.5         0.022392    7538295   0     
  124.7913   225.1367   191.1986   50.48       141.21      -268.32     1190.5       878.7         0.040197    7553455   0     
  174.2178   224.2219   161.0963   -57.27      67.45       370.78      1043.9       775.5         0.014309    7574491   0     
  162.9125   224.0156   171.5557   -47.57      259.41      67.88       1385.7       989.1         0.034648    7592034   0     
  223.6198   212.6613   160.7687   172.08      134.0       -37.34      1000.8       837.9         0.0066748   7659500   0     
  211.4946   244.4811   197.351    -153.94     229.26      -196.65     1280.9       956.1         0.197       7707722   0     
  29.1648    8.2932     207.5492   -104.42     -178.87     -63.54      1149.5       969.0         0.022524    7722794   0     
  1.7735     1.0655     239.8106   -60.42      -300.22     44.48       985.72       801.2         0.048789    7761047   0     
  114.4411   12.5946    221.5478   145.55      136.35      -54.51      1187.0       841.7         0.057512    7875464   0     
  134.5717   37.7388    231.2027   -198.56     67.75       485.16      994.64       818.5         0.041248    7880907   0     
  114.5021   13.6671    225.2727   70.71       249.68      -100.38     1044.2       792.8         0.029716    7887605   0     
  123.4053   30.5958    235.1658   -34.61      -94.52      207.73      1016.9       814.3         0.03015     7897166   0     
  146.1943   40.5824    244.689    -295.27     143.47      247.78      1083.2       841.5         0.039125    7919262   0     
  197.2851   43.2594    205.8021   380.98      225.91      -77.26      1025.6       841.5         0.014657    7931227   0     
  206.8674   36.8877    207.0401   384.19      226.31      2.89        971.17       741.3         0.084819    7988199   0     
  241.9584   48.4662    228.3932   3.74        253.18      -140.22     1161.0       874.8         0.031019    8038559   0     
  213.6417   20.8048    235.5604   191.59      -12.01      1.53        943.11       765.0         0.029358    8042685   0     
  41.6408    75.0174    202.3793   -277.68     569.07      352.29      1050.7       846.1         0.00494     8070721   0     
  38.0393    85.0562    204.9225   114.3       -180.28     277.99      989.83       750.2         0.0086103   8070751   0     
  42.3688    83.0948    203.0599   -163.26     -693.1      418.39      1468.5       1029.0        0.042306    8074891   0     
  41.033     78.2283    203.8717   -161.53     279.99      -96.72      1125.4       818.2         0.1164      8081172   0     
  34.7658    79.2038    216.3829   -405.72     450.98      208.38      969.4        760.4         0.031422    8094543   0     
  29.4972    82.7058    227.0039   152.04      -11.12      -46.11      884.42       702.7         0.023121    8122719   0     
  37.2089    82.6333    230.8781   -331.51     165.15      -50.69      883.51       738.1         0.026027    8132026   0     
  8.0571     81.7857    229.4553   -29.87      199.09      16.5        942.31       709.3         0.034176    8133449   0     
  44.0718    85.3943    237.1467   -479.41     -12.54      -176.87     1016.5       758.7         0.039775    8144579   0     
  24.2585    96.181     235.4703   -246.53     -130.4      -249.15     1243.7       902.6         0.066364    8145860   0     
  45.3923    67.8177    240.5414   -228.42     -40.34      298.85      1003.8       754.3         0.019159    8146077   0     
  21.2983    71.2632    245.8538   33.7        307.55      -106.53     1240.3       869.5         0.032873    8156415   0     
  84.3388    58.1183    240.9812   -128.32     -94.89      365.66      996.22       746.5         0.045314    8211215   0     
  82.6814    51.2719    248.7537   81.94       -77.12      -74.57      984.24       723.9         0.039357    8221551   0     
  53.7052    61.0954    245.8323   -222.82     -40.97      0.78        914.83       716.8         0.025851    8227341   0     
  103.5531   77.9376    202.8929   -121.13     -11.6       -122.88     1167.4       911.5         0.013385    8238580   0     
  130.6997   93.0318    224.8077   101.13      -31.59      90.87       1093.2       909.9         0.012124    8260638   0     
  128.2813   59.1931    239.1789   54.01       -175.99     368.19      1145.3       849.0         0.028879    8282301   0     
  133.6816   72.1766    235.0981   -274.09     183.11      -45.58      1005.9       748.5         0.033888    8285580   0     
  105.9678   98.9779    245.012    -247.01     -499.67     445.99      1151.2       847.3         0.027952    8296836   0     
  186.0553   83.5149    214.3956   337.38      -32.2       29.9        836.92       721.8         0.020885    8334172   0     
  233.312    95.4075    205.0466   -138.61     -41.84      -86.36      1043.9       707.4         0.1235      8404577   0     
  216.1469   87.3695    205.4369   150.68      168.84      -76.32      1333.3       1007.0        0.026178    8406764   0     
  235.9244   93.2069    221.0768   -72.85      299.94      25.0        1164.2       870.2         0.068425    8445363   0     
  233.6205   96.7078    228.319    77.81       17.19       -392.15     1315.6       990.8         0.02887     8469129   0     
  29.6387    100.6258   201.4391   -98.31      164.71      362.96      1052.3       817.1         0.023343    8495545   0     
  21.1074    132.6928   207.6075   -68.79      -310.64     -86.08      937.72       733.4         0.040421    8516894   0     
  29.4374    118.8869   223.27     -96.65      -246.87     -111.66     1494.9       1163.0        0.06201     8537597   0     
  37.3328    101.0821   225.7603   -354.49     -95.15      91.74       1163.1       864.1         0.057191    8547691   0     
  2.188      116.8319   222.2368   -242.65     68.25       -64.16      1017.4       736.6         0.1612      8549253   0     
  37.6167    147.1745   231.5659   -333.95     326.12      -225.19     881.95       716.6         0.019201    8563863   0     
  92.3651    111.4434   220.4499   -225.33     -288.44     286.27      1490.1       1185.0        0.06077     8620702   0     
  56.4277    112.8424   231.164    -838.33     -254.32     -138.88     1408.6       1082.0        0.055218    8642526   0     
  140.3335   131.665    204.1871   218.08      -173.0      26.26       930.36       756.3         0.043782    8673206   0     
  130.7336   104.354    223.2055   332.92      -323.1      218.65      1127.9       857.9         0.025294    8695809   0     
  133.5741   106.3608   224.3975   -146.03     -600.96     -134.93     869.77       705.9         0.069205    8702165   0     
  198.8376   145.2402   201.8104   490.48      -93.07      -45.65      991.21       781.4         0.014312    8742163   0     
  168.8271   112.931    216.802    538.96      -252.09     -292.09     1051.4       789.1         0.1009      8769605   0     
  181.6978   142.5636   230.7062   329.02      -284.59     -235.92     965.61       819.5         0.017027    8793934   0     
  188.4305   117.3357   239.1447   383.17      -209.72     -196.34     1095.3       869.8         0.049652    8804346   0     
  214.175    136.0718   243.7607   315.21      286.71      -690.89     1543.2       1148.0        0.016394    8818911   0     
  203.6222   126.5952   202.8054   445.78      -96.17      -12.74      967.67       726.3         0.0537      8837007   0     
  208.7763   115.0066   206.6492   387.52      -12.42      -156.52     1256.1       926.0         0.035425    8842500   0     
  213.0114   132.0373   209.6087   -76.21      -51.35      -291.43     1028.9       772.9         0.030575    8854022   0     
  222.6331   149.8651   215.9095   -233.83     -380.82     -214.72     1287.8       1027.0        0.0090371   8861331   0     
  224.9937   112.786    223.6782   55.31       -197.83     -376.86     1155.5       917.4         0.017993    8873781   0     
  249.0477   101.3862   230.6185   -86.9       -1.18       -297.12     1190.2       953.5         0.014125    8889313   0     
  215.7035   139.0016   241.6522   -96.96      -748.9      -56.58      1188.1       805.5         0.1352      8908634   0     
  0.6089     156.2991   201.1628   -392.94     -22.1       68.47       922.31       710.0         0.058763    8923035   0     
  28.2039    199.3236   210.3954   -170.34     403.03      -41.81      1368.7       1031.0        0.055819    8934608   0     
  36.2249    190.7809   226.8305   811.68      -45.57      -35.74      959.42       712.0         0.1012      8963582   0     
  28.2922    159.3522   231.5243   76.1        -162.29     -85.39      973.85       763.1         0.060837    8967428   0     
  33.7006    155.5365   240.5666   -225.43     -154.76     -303.5      912.25       713.8         0.010108    8984288   0     
  53.3005    188.3162   213.5261   9.46        599.96      -129.12     1060.5       819.0         0.039856    9014314   0     
  59.8215    191.5008   211.4161   -768.58     -31.9       -132.19     1506.0       1040.0        0.05944     9014723   0     
  66.092     184.1663   217.105    -685.17     385.6       -330.42     907.31       723.9         0.035233    9028554   0     
  208.2538   166.7263   201.1457   310.66      -508.81     -198.42     1321.5       1042.0        0.016765    9199929   0     
  236.1319   198.0606   205.2234   231.49      -95.39      -31.57      914.55       752.3         0.028515    9204973   0     
  206.254    160.6146   204.3699   814.19      -423.48     97.98       1161.4       807.1         0.1036      9206454   0     
  247.7151   193.4145   201.7667   -30.65      85.52       -88.85      1050.9       858.2         0.017068    9206865   0     
  214.5579   150.1928   218.9743   497.67      -256.33     -611.54     1365.7       1023.0        0.017616    9226172   0     
  28.1131    211.3068   248.3614   -78.25      126.46      231.29      1069.8       839.5         0.015472    9276263   0     
  19.7688    238.5716   201.005    -216.52     -227.4      77.5        971.68       776.9         0.015849    9283591   0     
  6.5486     214.8658   207.6091   -206.42     44.56       -74.31      1080.0       810.8         0.055483    9295558   0     
  49.8214    200.292    208.8083   -1.79       176.66      -165.56     1211.8       918.7         0.018293    9304062   0     
  40.4622    244.3522   229.3638   -256.22     -210.0      153.58      1186.8       888.2         0.052673    9333463   0     
  40.0552    238.9878   233.1584   -269.56     153.62      -122.4      944.67       733.7         0.018233    9340980   0     
  17.1779    238.9953   245.7936   -694.38     -142.02     95.01       1006.1       780.5         0.025392    9358773   0     
  12.8496    229.8663   246.6144   18.08       384.21      -292.94     1093.7       825.6         0.1401      9362243   0     
  54.0172    201.7891   208.5973   -140.14     -204.61     -36.16      1057.1       792.7         0.053258    9382205   0     
  89.6197    219.6719   246.9424   -32.86      56.25       91.21       924.92       717.9         0.062061    9435364   0     
  100.3141   206.776    227.1633   -353.57     138.18      -291.73     941.14       758.2         0.01622     9477421   0     
  154.7581   247.4627   201.4485   484.94      -58.12      -312.59     932.38       710.2         0.040624    9503659   0     
  164.5508   246.3889   201.1828   -136.87     -70.43      -165.8      1303.4       1012.0        0.031503    9505523   0     
  163.0293   241.2849   201.727    57.69       451.53      -173.23     1153.5       851.7         0.08909     9517127   0     
  176.7411   240.9855   210.6883   7.15        9.96        -232.75     1152.6       916.9         0.016834    9526498   0     
  241.0651   224.241    217.0314   256.91      -152.61     320.34      1124.7       859.7         0.095111    9594290   0     
  235.5638   230.0475   219.5396   713.93      -24.38      117.97      1244.3       844.9         0.1328      9616950   0     
  242.2297   219.936    221.8447   824.29      -332.32     311.13      1379.5       937.1         0.1213      9618845   0     
  239.8231   213.2598   224.7028   440.0       586.28      -252.96     1091.7       782.7         0.1442      9628644   0     
