# X(Mpch)    Y(Mpch)    Z(Mpch)    Vx(kms-1)   Vy(kms-1)   Vz(kms-1)   Rvir(kpch)   Vcirc(kms-1)  Xoff        Nhalo       Distinct/Sub  
  0.8201     29.0414    17.364     -803.42     367.39      126.9       275.83       202.7         0.020926    21016.0     20585.0       
  21.2312    13.4636    10.1845    632.09      -336.93     -658.21     294.66       226.8         0.021945    13159.0     20871.0       
  36.7416    43.4679    17.6208    -906.05     432.97      -36.2       196.95       149.5         0.021524    32141.0     33042.0       
  44.9635    48.7074    39.8633    221.38      1023.91     595.44      290.51       254.5         0.022484    73774.0     74219.0       
  12.5116    36.5338    34.6556    258.13      -542.82     -1048.87    91.509       356.2         0.014717    63315.0     78025.0       
  60.2802    37.6007    5.4615     -556.9      925.2       -437.95     174.46       266.3         0.022843    180884.0    102001.0      
  61.0528    14.9777    21.489     -327.81     328.72      -233.4      160.54       443.4         0.020767    127015.0    135922.0      
  63.5045    35.9701    3.6007     -392.39     -633.36     44.31       328.6        346.2         0.052534    110244.0    178954.0      
  103.5786   42.4444    6.9737     201.01      301.29      94.32       144.11       206.4         0.1828      190512.0    191967.0      
  117.0877   19.9164    10.5335    69.81       232.25      -154.64     133.74       350.9         0.035671    199238.0    201830.0      
  122.173    14.5235    10.6948    -33.93      1554.79     303.91      231.16       606.3         0.035143    195068.0    204244.0      
  100.3069   40.6146    12.6718    -531.55     315.0       318.83      164.84       199.4         0.01939     209460.0    214601.0      
  105.3137   27.9134    21.8645    1516.85     -358.52     243.3       251.89       278.8         0.011728    231666.0    231695.0      
  111.2403   8.3334     28.3593    712.83      -99.1       880.38      310.69       190.2         0.023465    232425.0    236919.0      
  128.275    5.5231     27.4639    490.13      620.41      -672.53     44.938       233.5         0.045377    230923.0    243132.0      
  112.5821   2.3344     32.1841    561.0       710.29      -399.45     242.88       210.8         0.0073223   237342.0    247564.0      
  125.536    10.1935    31.566     -109.86     -64.14      -187.77     212.08       511.0         0.012955    241840.0    253772.0      
  137.7993   12.0123    37.0095    -216.19     11.72       -213.03     134.02       375.6         0.163       265375.0    259623.0      
  124.4299   6.1872     35.4396    923.59      703.22      278.26      154.92       414.6         0.020243    266778.0    260493.0      
  118.431    24.6484    2.9855     389.28      -591.84     -326.48     238.06       383.0         0.038074    295659.0    296674.0      
  173.8927   12.296     26.03      -492.14     685.32      554.66      210.69       372.0         0.016041    345021.0    326283.0      
  174.4582   2.9271     25.2454    1072.53     692.17      426.4       199.8        390.8         0.1178      346419.0    341014.0      
  171.1812   20.9314    31.8304    149.51      -57.69      792.44      139.53       391.1         0.012153    334643.0    344660.0      
  223.5307   35.3871    11.5156    261.09      566.0       251.37      395.6        202.6         0.073976    389227.0    394624.0      
  228.0005   39.5968    19.281     458.03      1081.26     -219.04     146.66       454.5         0.0055047   414336.0    413209.0      
  14.3794    73.8394    7.801      -583.06     -325.17     -452.98     62.693       232.6         0.0356      473166.0    481285.0      
  16.6613    55.9967    21.2945    -312.81     65.46       -354.93     99.224       398.0         0.030634    494750.0    503432.0      
  35.534     73.0016    44.8947    94.93       -7.31       -364.9      172.46       149.9         0.039261    542412.0    546507.0      
  47.9814    50.4862    43.2111    -424.57     638.49      422.15      423.79       429.8         0.016917    528184.0    547762.0      
  84.5482    76.6676    44.1906    -35.37      -103.42     300.96      341.58       396.5         0.028846    627787.0    613554.0      
  138.5115   68.3622    16.7964    -201.51     86.88       -433.0      110.48       392.7         0.026087    673019.0    663541.0      
  133.6253   65.9558    26.2736    26.53       -470.46     -641.11     435.64       292.6         0.114       674038.0    694069.0      
  126.989    59.1372    28.2863    632.81      -37.92      -413.58     241.05       595.1         0.1066      694909.0    699789.0      
  104.8792   89.2536    1.4367     -360.99     16.04       -170.71     321.48       271.3         0.010366    651029.0    737775.0      
  162.6044   88.7121    33.3494    -716.4      -303.75     -527.83     111.12       345.0         0.014138    799073.0    801174.0      
  242.3636   51.6868    15.2217    97.15       -418.88     860.36      268.67       561.8         0.04476     845396.0    843772.0      
  227.2722   52.3765    28.6986    70.3        -336.33     -410.55     317.54       395.3         0.021884    877066.0    875649.0      
  0.866      136.562    3.9688     -608.21     -703.9      -829.56     209.21       219.0         0.02088     931166.0    922667.0      
  31.0619    103.1132   40.1213    -464.92     532.04      -324.3      325.28       166.8         0.037716    975701.0    987271.0      
  49.6454    142.5461   47.7397    -483.08     -103.66     63.46       214.4        382.9         0.031318    999929.0    997906.0      
  0.1677     103.7029   48.6575    65.4        163.05      -463.19     133.1        308.6         0.023537    989060.0    998315.0      
  37.4712    136.1446   49.1711    1029.21     374.15      78.75       220.39       236.9         0.01675     999589.0    1001805.0     
  69.6062    138.5522   6.0633     -102.1      -641.1      -462.12     254.97       387.3         0.03292     1016336.0   1009477.0     
  58.5398    141.9197   35.2846    -408.88     664.05      -175.87     237.27       400.2         0.041382    1052074.0   1058007.0     
  60.3504    100.0627   35.9931    -1136.79    984.43      -503.15     99.258       406.7         0.010017    1050983.0   1058413.0     
  117.4521   126.5737   22.2747    -157.12     -223.47     -50.44      51.869       270.1         0.058978    1107827.0   1113124.0     
  175.7072   110.2452   38.1464    23.94       -69.84      -797.16     246.38       345.1         0.1283      1223950.0   1217908.0     
  236.4497   116.5399   45.26      807.92      -822.69     -1.54       340.89       330.0         0.084017    1316773.0   1321260.0     
  236.7905   129.3601   49.2609    233.74      -158.14     -197.11     132.36       303.0         0.042083    1323153.0   1323864.0     
  26.9193    183.4988   34.6969    -193.65     -970.18     -69.07      110.9        299.0         0.068043    1369226.0   1372635.0     
  28.951     185.2991   47.9667    776.84      -388.72     -298.63     172.77       205.7         0.029277    1385923.0   1382587.0     
  28.9921    184.6598   49.0946    -745.17     -385.13     630.73      211.73       165.8         0.1517      1395644.0   1396130.0     
  67.0641    197.6422   38.3934    -877.55     1804.64     328.0       187.62       461.8         0.026195    1475541.0   1461174.0     
  69.8512    177.9934   38.2697    -263.54     83.32       305.83      208.97       319.0         0.015453    1469205.0   1465137.0     
  188.501    165.6909   1.236      921.34      -378.44     -1021.03    103.84       313.8         0.015051    1560232.0   1555468.0     
  152.9327   195.1468   6.9074     -650.71     -647.2      -5.44       145.83       267.7         0.010511    1560770.0   1558345.0     
  232.6301   186.3599   15.5834    -733.83     -277.13     -507.45     220.43       419.4         0.02676     1625477.0   1632142.0     
  241.5332   152.1182   40.0395    -166.47     -798.15     276.73      98.376       325.0         0.018952    1685630.0   1665893.0     
  4.9546     202.0233   10.7336    -258.81     486.08      -581.4      220.03       525.1         0.0278      1713658.0   1704739.0     
  5.7718     236.5051   5.8341     -517.07     55.48       -118.59     142.78       212.4         0.03921     1700726.0   1707490.0     
  148.4133   203.222    13.3491    -367.4      608.08      333.18      179.27       477.2         0.073147    1867048.0   1877585.0     
  171.5112   247.3099   17.6647    -77.07      527.5       208.65      504.43       398.9         0.056545    1958686.0   1945773.0     
  197.4199   238.831    24.1558    79.68       -168.28     -435.34     101.81       204.9         0.027475    1958268.0   1962269.0     
  214.1897   239.7625   3.019      280.69      -796.69     -379.66     131.08       342.2         0.066479    2009803.0   2010376.0     
  216.2405   238.1702   2.2805     258.66      7.75        -501.79     503.07       319.2         0.059015    2079771.0   2015595.0     
  49.2199    32.9716    75.4064    419.79      1549.7      208.9       97.537       335.2         0.028853    2115036.0   2116106.0     
  10.396     35.6023    80.0294    571.95      632.61      627.93      191.82       312.4         0.033973    2115764.0   2120460.0     
  12.72      36.3159    96.4164    76.36       -266.45     663.81      365.02       212.6         0.005202    2138758.0   2144260.0     
  89.4144    48.6455    54.0464    -665.78     -100.85     890.46      191.98       329.1         0.030496    2158239.0   2160644.0     
  56.2591    49.2566    76.8714    214.06      498.47      998.26      304.37       244.8         0.098881    2180620.0   2194396.0     
  81.677     42.7046    79.8888    -594.54     983.82      -725.53     231.42       309.5         0.016111    2201105.0   2195568.0     
  79.807     45.3431    89.9737    -348.63     740.55      -816.69     100.82       485.1         0.0092764   2222768.0   2228624.0     
  99.22      41.7013    94.6172    -435.42     338.38      -85.99      178.17       317.9         0.01683     2230693.0   2228927.0     
  117.9694   16.6071    53.7583    -847.36     -355.78     -724.83     64.881       361.2         0.014078    2244422.0   2245531.0     
  176.5713   49.5397    57.9335    869.55      4.04        -887.44     300.46       378.9         0.014606    2334528.0   2323623.0     
  160.3634   6.8813     75.4687    -142.16     284.54      -172.26     379.64       278.4         0.0091159   2356503.0   2360232.0     
  155.2914   9.611      75.2199    -283.78     -1282.04    -272.97     244.01       547.5         0.0081744   2355801.0   2361073.0     
  183.1221   43.8574    76.7845    -144.47     497.08      -6.82       275.33       227.9         0.021733    2365297.0   2367772.0     
  211.9551   27.1806    64.8198    219.24      980.55      -59.72      292.98       192.2         0.014242    2417825.0   2423899.0     
  233.6898   1.2768     72.8356    -503.86     -823.87     -131.04     174.0        247.5         0.021246    2444543.0   2444116.0     
  201.535    28.5603    76.743     490.71      363.08      478.69      182.21       384.6         0.020438    2448186.0   2445194.0     
  4.5442     50.2717    73.5128    -551.17     57.7        -334.26     63.887       347.4         0.041519    2516432.0   2519138.0     
  41.9409    70.4721    82.7271    979.54      -367.17     216.72      229.46       477.3         0.026268    2527051.0   2532936.0     
  7.2944     80.7451    83.4231    -511.08     -321.31     105.72      191.02       377.6         0.043384    2542525.0   2540670.0     
  66.8726    65.8765    68.7358    -609.27     -761.98     -384.79     164.07       417.4         0.01283     2592082.0   2586210.0     
  66.3911    64.3642    70.0541    -481.03     -527.16     639.36      156.16       373.3         0.014148    2586593.0   2586607.0     
  64.6935    90.3205    66.789     -135.1      136.06      -728.58     140.93       460.0         0.046388    2597562.0   2587744.0     
  63.7983    51.4679    78.0378    -1407.66    96.15       -681.37     192.12       422.6         0.0072083   2615872.0   2610575.0     
  55.809     86.8438    92.9603    -345.12     -949.13     233.66      101.61       279.5         0.023846    2642881.0   2631981.0     
  57.2947    61.6089    90.5828    197.62      233.43      -379.2      249.71       277.1         0.026887    2636930.0   2636949.0     
  184.447    63.6511    52.2015    102.04      -454.44     -196.2      232.75       197.8         0.014512    2717315.0   2717713.0     
  178.1292   53.4772    88.0804    593.51      -58.58      -491.16     272.66       191.8         0.0089315   2792215.0   2780944.0     
  190.9089   65.6012    84.954     911.53      -892.66     -565.99     150.3        539.8         0.013731    2774313.0   2781414.0     
  203.141    56.466     62.3143    42.01       279.72      45.02       220.14       258.1         0.040088    2820954.0   2828508.0     
  239.5926   96.844     59.2101    -280.24     519.21      -274.7      133.67       428.7         0.019736    2817450.0   2830818.0     
  218.6132   59.1929    77.6959    -173.76     566.71      312.78      268.98       255.9         0.02667     2858886.0   2858471.0     
  4.3983     105.103    52.4784    77.14       -618.87     483.88      255.9        289.9         0.03094     2906640.0   2905281.0     
  35.2325    120.4134   55.2549    -1012.73    426.79      -388.23     185.92       216.0         0.022253    2908428.0   2910609.0     
  28.3801    129.2719   96.9883    -227.26     15.81       -255.35     272.21       293.1         0.047144    2982132.0   2981082.0     
  61.487     134.8899   67.5224    -226.79     1135.28     789.82      408.41       249.8         0.0032379   3010108.0   3023373.0     
  82.2547    109.7202   84.6014    98.41       -90.61      -118.37     212.15       268.3         0.013327    3041450.0   3042879.0     
  99.3692    134.2908   91.9182    -934.07     -777.46     -7.88       101.49       222.2         0.073887    3054606.0   3047815.0     
  121.1431   141.8164   72.885     -931.81     172.52      -39.58      142.68       424.7         0.026221    3107966.0   3104582.0     
  211.614    139.3543   64.8415    -387.14     171.96      1294.0      162.55       332.4         0.023466    3214912.0   3218568.0     
  233.5674   148.8746   62.5834    -280.23     303.83      980.81      118.28       136.9         0.016096    3231251.0   3227674.0     
  208.765    140.889    68.032     472.03      -304.1      116.07      149.01       413.1         0.023764    3219496.0   3231575.0     
  223.359    132.4937   64.7413    -1290.11    399.91      77.77       246.56       322.5         0.0081081   3246240.0   3233770.0     
  216.286    134.1316   71.6916    -20.26      528.76      -181.89     211.35       457.5         0.01055     3244559.0   3254443.0     
  205.5533   128.2874   79.1712    412.49      -66.74      -454.25     302.33       493.8         0.0094625   3249876.0   3259295.0     
  249.4422   146.9327   83.3733    80.48       561.13      -82.82      238.16       322.9         0.034274    3258954.0   3262400.0     
  42.7892    159.4665   61.3986    161.47      202.46      328.83      136.96       269.5         0.022426    3318779.0   3313195.0     
  30.4748    168.8609   61.7357    745.4       -774.09     186.53      278.56       230.9         0.057076    3338966.0   3315165.0     
  35.9954    165.9974   62.8127    -457.11     674.52      324.71      416.0        295.6         0.0055538   3315997.0   3319846.0     
  49.5044    168.642    85.2466    10.13       -1405.92    1619.33     157.19       616.0         0.012417    3363732.0   3371607.0     
  49.796     165.6835   93.8611    575.47      1128.04     -2397.96    232.96       596.0         0.047672    3406154.0   3396640.0     
  33.2987    178.4792   100.3428   911.47      1324.94     614.86      308.14       641.8         0.068487    5370768.0   3405935.0     
  36.8164    193.7025   98.868     -42.48      -569.95     97.0        131.72       532.8         0.097012    3405303.0   3406018.0     
  10.4429    191.4842   98.2348    758.67      21.23       1.01        208.23       418.3         0.0192      3402240.0   3406332.0     
  26.2632    190.094    98.8074    125.59      -1093.96    -1447.85    211.62       443.9         0.0061992   3397313.0   3409653.0     
  50.4739    152.2096   54.9284    -286.89     117.27      -147.41     31.418       248.2         0.059129    3419614.0   3421836.0     
  67.3577    191.6729   67.3382    -1101.75    1242.41     431.09      299.72       371.0         0.025622    3443509.0   3444286.0     
  66.4583    194.9794   75.7944    -1022.14    -238.48     35.45       119.43       394.0         0.016602    3465699.0   3459031.0     
  130.075    199.4006   75.2929    32.42       93.18       96.06       228.42       185.3         0.020656    3537179.0   3542657.0     
  157.2146   175.5758   87.164     -1028.58    866.5       114.63      246.96       549.9         0.015787    3655837.0   3659644.0     
  217.6133   159.4487   69.8038    32.21       951.82      1346.61     214.47       382.1         0.037597    3698508.0   3711822.0     
  221.5054   194.8448   77.0862    -418.19     287.84      105.29      166.34       198.5         0.026784    3714411.0   3724767.0     
  235.5753   190.2466   84.7482    102.54      1170.95     437.47      131.92       416.0         0.020792    3739691.0   3738285.0     
  226.4109   193.4143   86.4947    -232.87     -86.45      -798.63     93.109       383.3         0.034222    3754367.0   3747520.0     
  240.1949   192.7067   92.0448    -443.6      -343.06     254.09      69.934       379.2         0.041876    3754368.0   3767194.0     
  234.5274   191.1283   94.0677    420.62      639.26      547.6       133.11       154.4         0.035295    3764944.0   3769398.0     
  234.428    179.0003   99.628     834.26      864.1       3.24        156.7        424.4         0.018524    3780563.0   3776852.0     
  4.8598     227.1395   71.1268    922.29      -327.45     660.79      277.02       200.3         0.017971    3800906.0   3812689.0     
  2.179      208.9329   83.1492    -96.04      411.84      -386.4      177.05       397.7         0.063958    3826721.0   3829941.0     
  43.4741    216.6047   95.697     -119.48     -431.1      -107.71     91.786       332.3         0.039082    3846731.0   3853256.0     
  79.452     235.6615   64.3875    66.91       139.31      96.13       209.49       356.1         0.1639      3886928.0   3871674.0     
  174.5473   236.5594   73.7233    -5.33       -1361.21    261.01      127.3        349.3         0.026984    4060852.0   4048375.0     
  172.4046   226.6463   75.5606    -333.19     1031.97     238.54      343.09       230.0         0.063987    4053093.0   4057206.0     
  188.0638   224.7415   95.762     -693.62     1536.98     387.65      238.54       219.4         0.029831    4082008.0   4090014.0     
  221.5605   225.6518   51.0716    -195.89     55.98       139.29      184.84       227.6         0.096947    4102940.0   4103175.0     
  236.766    243.2781   65.9115    -446.36     -622.18     376.93      246.27       242.6         0.024361    4127646.0   4136845.0     
  206.4766   240.2136   94.865     125.77      -333.82     -174.52     190.14       189.1         0.0096806   4175144.0   4166420.0     
  209.8929   247.9085   93.4194    -930.63     -229.13     31.73       130.72       374.7         0.025501    4166843.0   4170765.0     
  49.1652    38.435     103.1746   -296.46     332.21      -1519.29    167.91       304.9         0.043874    4200400.0   4188856.0     
  43.2139    8.2966     106.0287   -607.97     801.48      -300.99     233.63       255.2         0.030842    4184414.0   4193345.0     
  30.4203    2.5846     121.584    -404.8      -462.94     -146.93     166.69       358.7         0.028333    4222250.0   4222236.0     
  7.5826     35.959     146.8383   1418.87     135.47      130.78      308.41       290.2         0.030384    4248883.0   4263544.0     
  73.3235    10.1377    114.7229   -292.1      367.32      132.36      147.87       577.0         0.026162    4301582.0   4293327.0     
  87.185     28.1544    125.4094   133.92      -251.55     -295.5      298.81       236.2         0.014508    4318590.0   4317183.0     
  66.8055    39.1041    122.8688   259.21      -67.89      -1402.99    81.957       401.4         0.021423    4328306.0   4320718.0     
  67.0701    31.6195    137.2374   -458.94     266.43      -265.76     295.54       693.8         0.025186    4347659.0   4341798.0     
  91.3841    13.6122    141.5018   -181.73     283.36      -92.35      283.26       208.6         0.023153    4345057.0   4344220.0     
  177.2989   27.9531    108.7062   283.78      214.19      678.5       52.985       285.9         0.041693    4461469.0   4453401.0     
  245.4619   37.9095    109.0517   -167.76     -634.76     -622.96     236.55       247.6         0.034641    4518412.0   4527860.0     
  227.2138   49.4356    139.7746   -551.53     -90.21      979.81      165.45       199.7         0.026895    4570127.0   4579444.0     
  218.45     4.9578     141.6604   339.17      -270.2      130.24      183.86       417.1         0.022099    4591478.0   4591469.0     
  222.0413   15.8194    146.5755   1341.22     185.31      481.65      300.76       329.2         0.021612    4586343.0   4594390.0     
  71.0657    56.362     117.1587   162.73      -657.3      469.34      116.16       439.7         0.022454    4711692.0   4712759.0     
  67.9221    53.0335    145.275    -846.16     -733.77     -399.76     320.07       285.1         0.03284     4755848.0   4754458.0     
  140.6168   66.0323    118.5352   -90.78      -1023.67    147.57      248.54       677.0         0.027481    4790362.0   4789922.0     
  125.5709   53.0277    117.2553   -184.45     285.86      11.37       467.52       208.8         0.024951    4811193.0   4800018.0     
  149.1037   91.0015    132.9847   -109.26     -424.64     589.63      228.08       169.1         0.026432    4813943.0   4818767.0     
  145.0856   88.3215    136.1813   -891.83     -308.07     391.03      173.6        339.2         0.0078488   4834590.0   4830521.0     
  140.0508   82.9725    138.273    -306.0      206.24      -147.42     232.34       315.4         0.1573      4832211.0   4834955.0     
  179.6422   58.2865    101.6326   -408.85     -98.22      -251.26     179.79       362.0         0.034165    4864339.0   4864098.0     
  174.3427   61.5437    109.944    -510.53     -1037.51    -37.92      291.94       279.4         0.039488    4865749.0   4869634.0     
  176.9872   57.9533    107.0407   313.71      622.02      621.34      238.32       509.9         0.026048    4869903.0   4881005.0     
  168.2071   72.1629    138.3183   132.56      -226.31     -492.06     203.46       332.0         0.022912    4915998.0   4928048.0     
  203.1117   52.6866    135.6564   399.07      2.23        702.56      154.97       212.7         0.128       4993360.0   4992216.0     
  94.3275    125.3785   131.2188   176.33      5.29        114.37      125.04       273.3         0.033005    5100156.0   5097597.0     
  95.8123    102.5412   128.5865   101.72      -108.17     -120.01     370.2        204.3         0.038346    5092871.0   5101097.0     
  92.6773    129.694    132.9823   136.42      -1036.42    -1090.53    229.67       448.5         0.017479    5117882.0   5114896.0     
  72.8623    122.3718   134.1709   1046.51     -1163.33    -30.89      114.72       207.0         0.023042    5114209.0   5117780.0     
  115.5908   122.1094   115.7592   803.95      1165.09     542.2       225.18       282.6         0.025157    5154135.0   5170466.0     
  115.1356   107.9529   135.8105   695.19      -757.58     524.51      261.51       619.9         0.010085    5200524.0   5205461.0     
  182.8782   118.3556   137.476    876.28      -965.48     452.08      280.85       243.6         0.030267    5274178.0   5265283.0     
  217.2889   145.9      104.6017   838.77      700.4       -129.1      321.64       349.6         0.046255    5304015.0   5307722.0     
  8.5164     199.1344   104.8159   1012.39     -844.67     -585.27     199.47       513.3         0.02567     5384521.0   5378696.0     
  47.0074    164.0414   105.3008   -131.73     671.51      -506.93     112.0        310.8         0.0332      5392272.0   5392218.0     
  44.3291    192.3032   109.4306   -40.56      -249.7      -397.65     204.92       519.4         0.045753    5381429.0   5403304.0     
  76.1475    160.7924   99.5614    -273.69     -64.71      -884.44     77.626       197.6         0.010282    3508110.0   5475326.0     
  104.8471   184.3091   106.8904   -86.67      -29.42      -66.17      91.51        392.8         0.039009    5561458.0   5565089.0     
  216.5772   153.2633   104.7569   811.73      159.17      -66.3       202.71       374.2         0.1648      5679447.0   5683284.0     
  236.4827   175.814    133.3577   -185.15     453.76      995.7       163.06       232.6         0.027522    5725840.0   5723268.0     
  246.1637   152.717    149.9306   -38.18      628.63      202.18      186.81       310.8         0.1149      5752118.0   5757726.0     
  51.64      209.0783   145.5501   463.57      -451.3      -647.84     322.16       313.8         0.02655     5891871.0   5889147.0     
  149.155    207.9671   147.7897   930.12      567.87      -1582.09    215.67       428.0         0.021321    5961415.0   5950924.0     
  169.5788   202.7164   101.3441   669.86      217.78      -940.7      229.21       600.4         0.023971    5972078.0   5963522.0     
  150.8861   218.1266   108.9459   560.39      -25.4       43.61       127.24       354.8         0.042312    5978835.0   5971744.0     
  155.8701   237.9095   125.9086   370.95      924.82      543.93      196.3        501.2         0.019815    6013810.0   6019860.0     
  151.7437   211.0463   141.7439   206.19      -329.95     1222.66     210.35       391.8         0.016603    6030637.0   6034340.0     
  215.7702   242.7797   125.396    803.03      64.35       972.09      166.95       579.1         0.01757     6094575.0   6102302.0     
  229.4149   233.3748   129.3561   -202.18     832.12      254.58      231.76       568.8         0.0072391   6100635.0   6108438.0     
  217.5416   239.7405   149.4636   306.77      125.76      -243.9      220.24       463.8         0.044947    6143044.0   6144234.0     
  6.4598     39.9032    150.3707   -674.88     -855.35     -988.45     45.634       204.9         0.043587    6146321.0   6146447.0     
  18.8761    32.3854    152.8395   -1204.04    2093.76     -964.96     193.46       409.0         0.016847    6168484.0   6147099.0     
  43.0878    43.0347    189.5141   -106.15     157.19      -201.39     226.02       202.7         0.012214    6214844.0   6215996.0     
  145.3062   27.7655    177.9211   457.56      -80.91      -30.79      169.04       388.1         0.036084    6330231.0   6346804.0     
  135.9897   45.6416    179.7922   1504.97     520.1       718.0       149.13       463.5         0.077957    6358192.0   6351098.0     
  148.8452   24.3433    182.4865   -1136.26    251.99      -450.88     235.68       512.3         0.019904    6374224.0   6362518.0     
  128.6021   18.986     194.0705   298.46      1097.47     -877.52     187.08       418.7         0.1204      6371778.0   6367428.0     
  113.4209   13.0533    197.7833   120.21      -793.95     783.77      76.059       243.6         0.025272    6383157.0   6373778.0     
  245.4635   48.1003    149.4853   61.94       -451.67     143.58      104.87       410.0         0.063838    4597101.0   6454596.0     
  248.0677   46.994     150.4567   -876.99     213.34      1042.08     169.07       439.5         0.025616    6454589.0   6463276.0     
  240.4768   26.0686    181.1546   -837.46     1306.47     742.21      254.37       235.9         0.035102    6514887.0   6507423.0     
  223.1926   22.7691    184.6698   835.8       736.65      -159.56     343.9        241.5         0.02335     6508600.0   6518912.0     
  5.7876     69.3252    167.2842   -442.51     -1059.3     -185.81     263.14       347.2         0.026105    6578971.0   6580155.0     
  57.2043    52.0501    153.9563   853.69      -36.49      -1003.01    57.684       272.4         0.019366    6644122.0   6640620.0     
  52.8294    50.6107    154.2847   -364.4      -43.86      -30.11      17.112       216.2         0.1114      6641276.0   6644130.0     
  125.7139   60.7297    158.4958   784.14      103.75      590.67      512.1        293.8         0.019873    6734269.0   6718878.0     
  137.8807   63.1905    176.708    136.46      -701.24     501.76      191.09       342.2         0.1086      6759541.0   6753456.0     
  139.8252   55.8687    179.7654   -176.37     883.99      94.7        209.08       604.3         0.00806     6765431.0   6755012.0     
  109.233    79.4643    179.5821   303.1       -152.78     -40.91      214.19       364.6         0.025865    6769076.0   6760773.0     
  141.7281   50.1249    183.6225   302.09      587.77      -744.26     336.49       264.3         0.0085315   6788789.0   6777221.0     
  144.6289   77.4966    190.4344   -46.64      -500.43     445.57      291.14       238.0         0.019769    6788973.0   6780039.0     
  171.7919   92.1775    158.2571   415.34      61.51       -579.69     273.26       455.8         0.1144      6816599.0   6809927.0     
  184.4243   89.7889    179.1697   713.38      621.89      -285.63     216.04       299.0         0.027169    6854120.0   6847420.0     
  156.5889   86.5875    198.8673   728.58      890.33      589.86      180.65       470.4         0.026123    6881046.0   6881050.0     
  205.0151   97.9735    154.4399   -1018.99    -367.87     424.2       168.29       628.7         0.020885    6888202.0   6887424.0     
  219.3226   51.32      160.9863   -463.65     -1269.61    563.51      90.688       391.2         0.024198    6897255.0   6912246.0     
  219.8186   96.6324    168.7449   29.15       -562.04     -134.9      32.417       266.4         0.084435    6910983.0   6916762.0     
  225.9842   53.0657    166.2051   -295.99     539.96      325.83      282.27       285.6         0.013965    6921340.0   6920785.0     
  228.5574   55.3028    167.2271   336.74      -733.65     989.35      344.78       484.5         0.0022092   6911097.0   6940773.0     
  203.0005   99.0216    178.0007   494.82      9.01        -483.23     153.38       342.5         0.019395    6936233.0   6949992.0     
  245.1962   51.8513    180.1544   413.14      -621.06     236.88      289.46       324.2         0.027848    6949694.0   6951569.0     
  207.2485   51.4188    176.3136   593.97      252.41      -65.52      212.64       342.5         0.016306    6934670.0   6957923.0     
  237.2601   58.5612    186.2504   -547.81     -257.77     -216.73     327.02       265.3         0.050382    6970031.0   6964504.0     
  231.5612   73.175     192.1455   -413.99     347.08      208.24      184.15       488.3         0.063684    6983041.0   6969228.0     
  215.5072   87.6153    190.9978   -392.59     -844.02     -726.4      105.12       213.4         0.058014    6976845.0   6972960.0     
  2.6186     123.9232   178.317    -68.34      381.68      1329.98     160.57       414.7         0.010908    7028619.0   7033191.0     
  29.6509    135.4686   183.7951   -1264.11    157.49      -101.19     66.926       268.0         0.036998    7035864.0   7042358.0     
  46.7624    139.2697   184.6529   532.92      -729.21     -101.13     87.208       365.6         0.027252    7051757.0   7051302.0     
  43.0659    143.8717   188.4675   415.52      -719.45     314.74      201.23       226.4         0.015859    7059370.0   7056765.0     
  17.1452    125.7514   191.896    -511.45     -722.66     -399.57     179.09       231.5         0.01445     7055743.0   7065274.0     
  24.7357    129.1174   195.193    43.33       -355.51     635.16      277.41       332.6         0.028142    7072209.0   7066484.0     
  21.9857    133.6149   191.8363   -24.91      -28.72      56.63       353.15       292.4         0.032471    7070523.0   7068092.0     
  125.5138   104.1827   170.6223   377.75      161.72      -1130.67    172.44       358.4         0.076152    7182979.0   7178841.0     
  190.3977   129.2467   158.9352   886.66      80.51       175.8       208.38       440.6         0.096559    7232567.0   7225915.0     
  189.9424   111.6101   165.7817   595.95      -128.64     60.39       446.91       349.8         0.013756    7241065.0   7247438.0     
  187.4674   145.0621   174.935    -679.58     -211.91     -43.97      186.77       307.5         0.015693    7272407.0   7256177.0     
  178.5123   107.9569   178.4652   1463.01     708.8       1097.68     73.765       250.4         0.1036      7261207.0   7276361.0     
  164.992    135.6096   184.4832   125.24      -457.86     1493.79     130.03       604.3         0.0079733   7280977.0   7288650.0     
  186.5742   113.9475   189.6291   317.2       -51.13      253.43      124.47       355.3         0.025843    7292952.0   7295412.0     
  186.0399   115.5384   195.4638   11.77       -260.88     -60.83      252.63       303.4         0.031034    7315133.0   7317036.0     
  177.6635   127.9043   196.3659   75.04       -115.34     -620.29     91.298       394.0         0.013479    7324032.0   7326539.0     
  235.3552   141.122    167.0507   -728.67     -247.11     1536.52     182.4        351.6         0.016266    7359543.0   7356288.0     
  210.1819   147.0759   167.7807   859.6       -511.04     498.85      136.73       423.3         0.010744    7354434.0   7361006.0     
  226.7662   142.7867   168.9824   -195.32     346.12      764.83      413.68       274.0         0.034772    7366459.0   7364519.0     
  199.9501   102.3165   176.3902   -43.93      612.26      275.03      294.91       347.0         0.018887    7253375.0   7376006.0     
  235.8221   107.564    197.4828   -1085.26    -1359.04    1039.73     158.84       338.2         0.028146    7416931.0   7419111.0     
  145.6381   198.3379   175.2598   966.58      -430.06     161.21      251.91       351.9         0.029542    7599781.0   7595134.0     
  104.2386   187.6745   186.8732   -1220.54    764.21      -354.86     49.555       345.0         0.030777    7601343.0   7604422.0     
  101.9924   190.8464   193.1413   -46.02      1318.13     -777.03     131.32       298.2         0.0056005   7620321.0   7611436.0     
  166.864    169.7871   179.5419   235.75      -237.45     234.65      111.31       353.3         0.024236    7675187.0   7680475.0     
  161.3968   177.4136   185.4683   539.55      -958.36     609.46      257.31       469.4         0.0094912   7699112.0   7696746.0     
  222.3286   153.9502   181.3597   719.05      -34.15      396.91      162.59       533.3         0.016059    7778599.0   7783211.0     
  229.6445   165.0757   196.9244   28.15       -716.55     -100.61     147.1        527.2         0.01564     7801307.0   7816923.0     
  236.7098   157.3153   199.2017   63.43       -77.31      -257.31     224.84       230.4         0.1409      7817099.0   7817802.0     
  232.6352   168.5875   198.1825   -226.8      -1383.57    -55.18      194.46       521.1         0.045336    7821981.0   7820651.0     
  23.2588    226.2065   164.5932   -851.03     -291.5      -303.8      243.79       416.5         0.051026    7855843.0   7843673.0     
  12.9682    209.2436   166.0417   907.99      588.26      256.82      288.34       306.2         0.0064708   7850069.0   7845533.0     
  4.0128     214.307    170.22     522.0       304.07      -256.38     259.7        337.6         0.032924    7888381.0   7858508.0     
  23.0271    211.1278   172.6876   125.19      -325.61     -21.1       141.87       368.0         0.048951    7862133.0   7877615.0     
  14.5395    242.591    178.7551   -155.43     511.74      -523.53     156.47       462.7         0.095258    7886104.0   7884189.0     
  10.9503    212.4349   176.9704   -214.45     302.27      -514.33     319.59       341.7         0.086617    7887321.0   7885858.0     
  45.5601    207.3127   181.0022   315.45      515.31      425.95      327.72       557.9         0.020292    7886753.0   7888228.0     
  45.0554    210.1261   196.1115   -1081.01    -34.0       -922.19     90.782       567.1         0.078827    7930331.0   7912723.0     
  97.4468    204.0576   153.108    -102.38     -117.21     489.84      238.81       296.8         0.057517    7939045.0   7942721.0     
  62.3725    221.9002   165.1095   -190.58     -335.27     225.65      144.18       361.9         0.0085191   7977705.0   7960658.0     
  99.9672    200.4316   168.5582   274.64      1310.72     -315.16     265.91       187.9         0.034709    7984289.0   7977038.0     
  99.9585    200.707    171.6043   -28.02      1005.56     -460.52     185.41       272.3         0.01268     7994232.0   7987765.0     
  62.9771    232.4593   194.836    -149.0      -95.78      37.14       140.19       474.8         0.1015      8032053.0   8025937.0     
  61.49      243.2251   198.6932   -342.01     -181.84     -181.16     194.41       279.9         0.042385    8037487.0   8040192.0     
  137.2608   220.2443   164.5022   702.88      365.38      17.77       120.58       308.3         0.014135    8065377.0   8075642.0     
  147.295    245.6959   193.8595   128.65      143.33      -4.6        248.23       205.6         0.038822    8125173.0   8110489.0     
  124.9916   224.3671   191.8682   -640.38     1020.0      265.19      129.09       542.2         0.025214    8121548.0   8120853.0     
  174.5047   224.2186   160.4765   -705.82     -439.68     176.24      265.73       539.2         0.01422     8148950.0   8145479.0     
  163.4741   222.8393   171.193    -260.57     480.46      35.02       439.52       274.4         0.014246    8176612.0   8164171.0     
  160.111    219.1764   170.5388   -945.11     18.71       169.61      137.55       304.9         0.037282    8168778.0   8166820.0     
  223.2922   212.8401   160.3687   -103.06     769.13      -511.17     301.22       168.0         0.025066    8246323.0   8239255.0     
  30.1894    8.2356     208.5996   10.37       214.36      -141.04     338.71       245.4         0.026723    8295676.0   8299004.0     
  114.1995   11.6715    221.353    -460.84     -75.87      253.56      144.45       405.8         0.1116      8472587.0   8473469.0     
  135.0892   38.0989    229.9118   -337.44     -874.94     847.19      131.84       334.6         0.015415    8471566.0   8475588.0     
  114.9189   12.4169    225.3539   131.66      407.46      -788.73     110.53       305.9         0.164       8489459.0   8485650.0     
  122.6059   31.1114    234.5937   154.92      42.04       386.13      291.64       245.4         0.016229    8498177.0   8489113.0     
  132.2006   39.5509    238.5263   -48.21      372.23      897.42      222.61       387.2         0.011477    8490089.0   8508078.0     
  147.1486   40.4782    244.1709   -1452.67    330.35      7.11        180.76       438.6         0.031195    8518870.0   8517969.0     
  196.2111   42.099     205.4548   918.18      966.26      412.05      275.17       181.6         0.020809    8536160.0   8531621.0     
  241.8878   48.0386    228.3691   87.61       -127.13     960.77      325.99       488.1         0.031868    8627240.0   8650577.0     
  213.141    20.7056    235.5179   137.19      98.66       -63.78      140.24       420.3         0.082994    8652914.0   8652892.0     
  23.8055    99.1734    243.5757   -149.91     417.27      752.97      149.13       347.3         0.022416    8775967.0   8676461.0     
  42.0192    73.991     202.062    330.52      337.54      -76.39      445.69       325.7         0.028051    8683522.0   8682004.0     
  38.1976    85.5445    203.8887   -599.59     -243.87     681.34      144.96       369.9         0.0076853   8687617.0   8682247.0     
  43.1911    84.3475    201.8585   -108.04     -706.06     1158.58     137.09       422.9         0.01998     8680794.0   8684270.0     
  42.1811    77.0407    203.7498   -834.56     -412.74     -80.99      205.72       238.9         0.026119    8683945.0   8689358.0     
  35.5127    78.2887    215.943    -131.27     29.51       -161.57     125.72       477.3         0.0095472   8716043.0   8708805.0     
  7.8729     81.4367    229.0264   93.16       901.27      595.96      279.92       267.9         0.014669    8746782.0   8737569.0     
  29.651     82.8358    227.3391   -819.84     -248.09     -194.63     156.02       247.4         0.068216    8737143.0   8741845.0     
  37.96      82.1748    231.0698   -671.9      124.54      -50.56      104.02       255.6         0.191       8753152.0   8749252.0     
  24.6949    95.9886    235.7371   -50.68      259.8       -98.77      177.38       459.5         0.036696    8762777.0   8751779.0     
  46.1229    67.5727    240.1999   575.08      129.55      1068.37     143.52       403.6         0.012589    8757141.0   8756737.0     
  45.3078    85.1437    237.5989   -794.5      953.14      112.06      122.4        406.1         0.097089    8766354.0   8761818.0     
  21.4023    70.9597    245.8806   -68.1       125.99      123.96      43.458       341.0         0.088368    8778349.0   8773402.0     
  82.4619    51.4765    248.5477   -474.83     -79.72      779.54      118.07       402.1         0.025409    8842965.0   8842623.0     
  54.4449    60.6433    245.7898   -305.2      -450.96     -80.87      300.69       234.7         0.012226    8846168.0   8843359.0     
  103.0901   91.5194    249.7888   800.95      -1054.67    -257.98     225.49       171.7         0.02447     8936870.0   8853815.0     
  103.3723   77.8695    203.3192   380.13      -127.35     672.51      404.89       209.5         0.037954    8855625.0   8863803.0     
  130.4417   93.2107    224.6971   -950.19     -53.15      1485.71     175.33       237.0         0.012869    8881584.0   8884617.0     
  130.8482   55.5058    238.3069   -399.56     -51.92      249.7       235.82       405.8         0.033853    8917102.0   8907846.0     
  127.8432   58.7599    238.3681   147.89      -621.18     -474.22     373.11       422.0         0.017207    8901048.0   8909775.0     
  216.5405   87.6316    204.7973   90.3        -31.67      -613.84     308.91       249.2         0.015923    9046451.0   9043778.0     
  212.8486   66.5553    213.1764   76.17       568.75      -96.96      142.61       345.7         0.085087    9064952.0   9057459.0     
  235.6595   92.507     220.3267   493.94      -25.91      752.14      316.87       296.4         0.031384    9066728.0   9078996.0     
  233.8309   97.3029    228.8314   -53.38      -344.31     524.84      395.85       302.0         0.044997    9094897.0   9104427.0     
  29.775     101.2611   200.4347   -482.23     131.8       780.32      511.21       259.7         0.020541    9143445.0   9136103.0     
  21.6934    132.9843   207.955    -478.35     -1179.64    45.54       141.46       324.5         0.02661     9158761.0   9157839.0     
  29.8099    118.9155   223.574    6.38        -908.22     -121.95     188.3        409.4         0.034518    9178479.0   9183726.0     
  38.1686    101.5922   225.3312   -552.51     322.26      -115.32     58.111       366.1         0.083825    9190221.0   9192995.0     
  93.5014    111.8883   220.5538   -902.06     321.37      -674.36     476.73       342.9         0.023084    9264856.0   9265596.0     
  57.7847    113.3241   231.5229   -2220.83    -471.83     722.79      267.28       368.2         0.043739    9278400.0   9294096.0     
  139.4471   131.8843   204.1507   84.73       -591.46     -50.27      299.8        381.7         0.1148      9320575.0   9325254.0     
  130.6586   105.098    222.9074   -125.48     -200.97     83.75       120.13       317.0         0.035749    9343400.0   9351933.0     
  106.5115   99.826     244.5568   -289.35     -924.06     -739.87     70.696       372.7         0.027128    8933880.0   9375665.0     
  197.8722   146.0396   202.049    525.73      -339.76     -216.27     200.58       374.2         0.057375    9400256.0   9400843.0     
  167.0992   113.2147   217.3001   1036.98     146.06      290.23      107.92       341.8         0.024794    9430745.0   9426755.0     
  180.9748   143.2957   231.2734   -319.03     -310.98     198.95      192.0        168.2         0.014824    9451292.0   9458286.0     
  187.8971   117.7834   239.9032   -32.65      226.64      -877.67     42.053       245.4         0.033549    9465857.0   9467693.0     
  213.5636   136.1221   244.9021   691.3       61.06       -211.34     136.09       566.7         0.012948    9486203.0   9485639.0     
  208.2121   115.1597   207.3509   -559.48     -88.13      378.54      289.83       449.6         0.035206    9514026.0   9509057.0     
  202.3828   126.9582   202.5698   1004.04     -166.11     266.97      215.73       331.3         0.025538    9506862.0   9512369.0     
  224.9018   113.2773   224.3668   943.52      -331.01     -997.51     146.19       483.3         0.029398    9553415.0   9540742.0     
  249.7214   102.145    231.3907   -139.37     -504.78     -310.16     260.47       259.2         0.022492    9549337.0   9560577.0     
  215.0827   139.7109   241.5272   -447.68     -718.53     29.09       135.32       419.6         0.029211    9486120.0   9575409.0     
  1.7155     156.4149   200.8728   -202.43     -55.85      -70.81      168.01       288.0         0.1511      9595674.0   9591710.0     
  28.7333    198.9459   210.5067   -422.36     662.15      223.89      306.79       348.2         0.0075951   9616058.0   9602795.0     
  50.344     199.7969   208.9465   -711.97     417.67      734.46      202.21       398.4         0.026841    9679365.0   9606594.0     
  32.7562    197.0587   221.1027   -194.37     -432.05     22.02       240.47       418.7         0.084562    9631193.0   9628742.0     
  28.1804    159.9067   230.9757   -189.97     -18.97      -542.77     155.68       280.9         0.037378    9648674.0   9643862.0     
  34.1428    155.6572   241.0237   115.96      462.45      -556.96     228.06       195.8         0.0079565   9666036.0   9659397.0     
  60.9203    190.2483   211.1931   -274.4      166.85      1388.29     207.78       364.1         0.077758    9682791.0   9690625.0     
  52.9769    187.4468   213.8422   335.0       149.6       -360.43     403.12       298.8         0.021909    9696756.0   9697555.0     
  209.2424   167.4694   201.7333   -937.25     -475.49     288.66      300.78       245.1         0.011214    9891195.0   9894767.0     
  235.7353   198.1252   205.2934   196.11      -445.56     -1060.93    288.1        262.9         0.027665    9893697.0   9896808.0     
  247.3275   192.7462   202.0234   687.05      534.11      -116.13     353.45       212.9         0.021829    9891835.0   9898751.0     
  222.9059   150.4507   216.635    261.09      40.55       -631.6      229.05       523.8         0.055867    9927432.0   9920063.0     
  213.5281   150.6209   220.31     -97.1       -32.23      -983.35     173.34       382.3         0.05535     9941574.0   9921838.0     
  204.1718   158.411    213.7938   1156.88     -472.07     279.04      68.755       151.2         0.03983     9920122.0   9925348.0     
  20.2506    238.7708   201.1233   -15.58      -2.71       -145.76     233.39       345.7         0.1068      9987761.0   9983651.0     
  6.8877     213.8225   207.2818   -236.37     721.14      352.41      387.14       295.3         0.080141    9986091.0   9993730.0     
  40.8508    244.7971   229.0574   -337.3      -332.96     272.73      180.2        436.2         0.012664    1.0038894E7 1.003319E7    
  40.7804    239.1982   233.3672   -361.74     -443.11     73.0        182.05       414.2         0.048458    1.0048714E7 1.0044523E7   
  18.2838    239.5478   245.4812   -413.45     183.44      -507.86     305.6        218.5         0.0075566   1.0057655E7 1.0065514E7   
  12.6881    229.4202   246.741    -330.34     111.68      -10.08      181.35       378.6         0.023496    1.0068447E7 1.0069273E7   
  28.5764    210.9441   248.0157   -226.0      234.54      246.08      239.95       496.6         0.044896    1.0071197E7 1.0072008E7   
  55.2052    201.9775   209.1426   -701.37     742.12      30.03       379.72       271.6         0.0073083   1.0080857E7 1.0091592E7   
  101.5596   206.707    228.1242   -600.98     -77.24      -883.64     187.65       193.9         0.013384    1.0190812E7 1.0194963E7   
  161.7686   239.4328   202.8127   574.79      732.72      -483.81     321.13       328.1         0.090201    1.0228229E7 1.0225573E7   
  165.1131   246.3522   201.5155   833.86      -884.21     1045.94     131.04       318.0         0.051202    1.0227149E7 1.0227955E7   
  176.5701   240.9123   210.7623   150.54      -165.46     -163.87     438.7        301.1         0.072022    1.0237183E7 1.0241722E7   
  240.4252   224.761    215.9361   734.19      -919.2      524.65      100.58       270.7         0.03822     1.0321777E7 1.0317957E7   
  235.8849   230.2565   219.9272   -755.43     -21.11      -320.18     91.999       386.9         0.02182     1.0332226E7 1.0343867E7   
  242.7435   219.1292   222.2901   -619.79     337.68      -77.59      156.26       450.0         0.029626    1.0343725E7 1.0345529E7   
  239.0016   211.8994   225.8001   194.17      1058.39     -1029.42    119.43       470.7         0.034679    1.0358526E7 1.0350617E7   
