# X(Mpch)    Y(Mpch)    Z(Mpch)    Vx(kms-1)   Vy(kms-1)   Vz(kms-1)   Rvir(kpch)   Vcirc(kms-1)  Xoff        Nhalo       Distinct/Sub  
  22.3782    13.8823    9.674      -748.06     -279.14     -274.29     386.93       191.5         0.0022004   19781.0     16859.0       
  2.0531     29.9749    17.7997    -733.94     499.48      301.2       393.13       233.6         0.0095986   20599.0     18820.0       
  35.598     42.9035    17.7939    -748.76     1115.73     287.45      189.04       291.8         0.023993    28499.0     30543.0       
  44.7103    49.9735    39.4604    75.39       847.81      -233.3      281.61       381.7         0.011786    75062.0     67757.0       
  60.8205    37.7427    5.019      490.62      261.3       238.31      155.18       517.0         0.1348      95636.0     94882.0       
  60.2877    16.2928    20.86      -1664.27    360.83      -636.71     205.86       373.0         0.051075    131816.0    126042.0      
  62.3334    37.1736    5.3391     80.42       487.17      -845.67     271.48       399.2         0.0070902   165915.0    169094.0      
  103.5008   42.3139    7.7321     118.37      -76.57      224.52      292.33       438.0         0.0085378   176320.0    179776.0      
  122.4065   14.8399    10.3458    -269.64     2229.55     923.88      210.12       451.4         0.013545    172183.0    190539.0      
  117.8796   19.8857    10.5596    -641.76     52.77       735.69      214.4        495.5         0.006012    177832.0    191122.0      
  109.6006   24.7845    16.2056    181.18      -72.07      854.99      213.11       493.0         0.028041    196694.0    201568.0      
  100.1906   40.9669    12.8358    718.53      -423.95     -810.3      303.03       479.3         0.0087273   206483.0    205087.0      
  106.9049   27.0499    22.1068    492.25      137.29      -1238.83    184.37       532.6         0.01113     234356.0    216508.0      
  128.6794   6.7308     28.5723    354.43      641.42      195.56      249.13       190.7         0.056589    220997.0    228273.0      
  112.407    8.9931     28.3634    563.26      -270.83     -320.42     172.79       243.2         0.04598     216234.0    228350.0      
  112.8196   5.5423     31.7844    8.27        -122.53     519.86      262.12       271.7         0.045497    219097.0    232043.0      
  125.5142   10.7064    30.5146    -74.14      -167.75     -939.08     247.27       265.3         0.015621    234227.0    233868.0      
  136.5946   11.3293    36.0927    -117.91     310.03      117.77      261.36       231.1         0.0066626   253028.0    240623.0      
  124.9465   7.3201     34.9731    -109.78     345.35      -181.91     109.08       389.8         0.079033    253059.0    249751.0      
  111.2071   22.6042    44.5067    184.64      60.85       -315.54     246.73       532.7         0.046612    258811.0    263626.0      
  118.5059   24.3934    3.7549     -324.3      158.3       992.87      121.8        321.3         0.026332    277396.0    280421.0      
  173.6443   10.9742    26.3518    388.84      -579.79     182.09      228.92       565.7         0.019677    324705.0    311283.0      
  175.3544   4.0364     25.4862    659.73      549.16      130.89      185.64       549.5         0.01538     323164.0    329460.0      
  223.9226   36.7331    12.7231    333.87      411.13      129.07      132.47       166.3         0.027169    361397.0    371636.0      
  233.6225   44.965     16.2527    959.25      295.64      331.04      125.84       329.3         0.012111    365648.0    377743.0      
  227.7277   41.1019    18.4993    -15.06      612.68      -194.48     233.26       616.0         0.028624    387745.0    387009.0      
  246.1506   11.9641    31.8928    -706.17     -267.67     743.8       309.95       189.5         0.010395    400309.0    400299.0      
  16.2636    55.7214    21.2521    437.79      -40.58      400.59      170.98       266.8         0.021888    465867.0    474094.0      
  35.699     72.0904    41.2043    109.73      283.49      371.78      214.97       331.3         0.033136    500740.0    496797.0      
  34.9233    72.904     43.8412    646.23      -723.87     -710.01     144.4        271.6         0.0099251   519523.0    513256.0      
  48.1739    50.9785    42.9802    -533.48     -97.42      -639.88     135.31       358.5         0.033283    499786.0    515081.0      
  83.3277    75.9695    43.9968    80.98       -86.8       50.48       286.7        246.1         0.1332      586561.0    578018.0      
  103.6394   88.8508    0.3955     824.01      -1332.22    506.4       210.28       705.5         0.0045121   596761.0    597115.0      
  109.4333   63.3715    11.5314    105.38      -551.44     318.22      145.03       282.6         0.020829    612241.0    616453.0      
  138.2287   67.7022    16.738     -105.26     -470.57     231.4       83.176       329.0         0.1411      623062.0    623040.0      
  133.9915   66.8451    25.5479    -647.96     826.26      808.22      215.94       347.7         0.043592    633676.0    647711.0      
  127.978    59.2619    27.6902    336.23      4.41        -311.37     131.42       488.1         0.037815    650942.0    658568.0      
  192.3658   85.3831    21.3781    380.39      -159.45     -758.41     110.55       321.3         0.039958    725227.0    730046.0      
  163.6978   88.7027    32.9255    -757.31     -176.71     -74.73      195.89       254.1         0.017015    746733.0    749464.0      
  242.2513   52.1353    15.0604    -1082.06    -130.22     5.36        316.83       351.8         0.035525    807928.0    794911.0      
  226.8495   52.8295    28.0007    366.91      -899.34     -811.97     456.84       332.6         0.1934      834475.0    815860.0      
  219.73     64.8991    36.8335    -98.39      -705.67     72.43       272.1        230.1         0.047222    831435.0    837308.0      
  0.4947     135.0383   3.8812     778.99      -131.64     149.6       173.1        195.0         0.075215    858779.0    859843.0      
  6.9654     114.559    21.414     -184.2      105.41      -274.46     126.32       248.6         0.1375      894687.0    893355.0      
  30.4887    103.0316   40.3601    331.03      107.47      -750.65     217.59       239.8         0.016558    933552.0    918911.0      
  2.8908     107.4516   49.8818    -176.73     -42.84      172.11      364.24       348.2         0.1097      935318.0    935613.0      
  48.8568    142.2411   47.6485    -299.92     -660.45     -375.42     99.081       313.6         0.026328    938655.0    936533.0      
  69.0392    138.3418   6.4497     -1046.38    526.97      -42.87      77.834       232.8         0.024364    954491.0    946139.0      
  56.8446    142.0622   35.5584    -622.91     795.34      -219.63     137.94       475.2         0.0073139   985765.0    993210.0      
  59.0684    100.6358   36.6002    235.27      -1108.65    -1189.18    117.77       514.5         0.0085511   994947.0    995528.0      
  117.1411   126.0513   22.1737    -1760.53    -586.41     4.66        78.922       181.9         0.017777    1037519.0   1046938.0     
  176.4201   109.4396   37.4246    866.26      -1609.8     604.99      347.31       290.8         0.034827    1132077.0   1140549.0     
  240.9881   127.1624   25.278     -639.37     -1000.38    -87.05      22.874       268.5         0.079973    1187352.0   1189613.0     
  247.6651   132.3615   38.1724    -339.43     -1289.42    -743.22     171.7        499.9         0.023454    1224645.0   1215355.0     
  245.5764   130.5139   39.956     467.5       238.84      -408.37     270.19       143.6         0.028586    1234421.0   1228073.0     
  237.2254   115.6816   45.3206    536.44      -159.13     -1319.17    140.4        526.0         0.082251    1236229.0   1236690.0     
  237.8281   128.2779   48.6879    348.08      -566.56     189.83      379.44       271.4         0.02295     1239749.0   1237750.0     
  26.1853    155.0144   9.4893     -545.64     299.98      627.82      110.56       344.1         0.020633    1253690.0   1251563.0     
  26.0072    183.6914   35.2763    386.03      -64.78      1031.93     233.37       247.7         0.026107    1273118.0   1283920.0     
  28.9939    185.6515   48.9079    6.79        -485.25     892.82      193.76       572.3         0.020407    1305836.0   1301526.0     
  66.6667    197.4865   38.7576    -1130.53    682.74      -107.56     144.18       307.0         0.021714    1375704.0   1364712.0     
  70.1516    178.8024   38.9747    44.53       556.22      898.69      129.06       313.6         0.021941    1380377.0   1372550.0     
  188.8627   164.9312   0.7565     325.03      -616.22     -1183.24    404.97       243.6         0.024353    1459784.0   1451465.0     
  153.0188   195.0018   5.9422     71.15       947.95      918.87      191.46       464.0         0.0077703   1449346.0   1458943.0     
  233.5775   186.0291   14.5457    791.02      -119.75     435.6       170.76       354.2         0.0070273   1522599.0   1521429.0     
  241.5658   150.6304   40.6631    -93.2       449.84      -756.11     169.83       466.0         0.017573    1571495.0   1555653.0     
  5.4936     202.7873   9.8858     -6.69       -584.66     559.32      238.27       430.7         0.0058201   1599355.0   1588953.0     
  6.132      237.4477   5.6928     -907.26     -72.76      716.33      140.32       249.2         0.047839    1580490.0   1589699.0     
  6.4285     200.4207   13.1365    342.01      -276.8      -586.02     105.63       490.8         0.079258    1606890.0   1616142.0     
  5.43       249.3162   21.6523    -79.05      711.85      331.61      86.397       413.3         0.076411    1633932.0   1619206.0     
  97.4227    222.2233   47.762     -858.89     333.44      -836.86     151.16       433.6         0.031573    1726881.0   1721907.0     
  142.3151   247.4108   17.7202    63.69       339.22      -536.12     215.18       190.2         0.018468    1734923.0   1742031.0     
  148.8035   203.9331   13.322     -87.05      -724.55     -372.55     269.74       251.6         0.014205    1741788.0   1747035.0     
  156.0037   242.3355   17.0695    971.29      695.73      -35.18      317.54       256.8         0.0058589   1811117.0   1814101.0     
  170.9843   248.526    18.8189    215.9       983.89      -442.96     76.857       351.5         0.053108    1819696.0   1819354.0     
  216.7524   240.2203   1.738      536.13      163.32      -384.63     289.01       224.8         0.079232    1875013.0   1871635.0     
  11.7446    36.1036    80.2381    -1049.1     766.78      185.79      349.93       287.1         0.039236    1970748.0   1976209.0     
  12.2306    36.1923    96.4103    -418.93     282.47      -590.12     326.54       218.3         0.01336     1987794.0   1998406.0     
  89.3948    48.3641    54.6008    -543.22     305.31      -701.32     228.26       428.2         0.02671     2011099.0   2013622.0     
  58.3204    50.2776    77.9658    339.38      348.43      -28.28      281.1        196.7         0.012248    2413945.0   2042272.0     
  79.9882    45.7047    84.6432    619.93      -157.32     -777.2      56.424       184.1         0.06317     2053526.0   2043114.0     
  80.7818    44.1387    79.6952    684.44      213.36      278.01      192.17       249.0         0.023674    2047396.0   2044723.0     
  97.8397    41.7531    93.7877    -491.74     -247.33     -153.15     277.34       396.8         0.024998    2072451.0   2073344.0     
  79.7314    45.2009    87.8533    60.18       -174.05     -511.61     254.05       533.7         0.0098867   2064786.0   2073388.0     
  118.1177   16.7362    52.9228    -809.92     -388.87     -1018.26    167.75       121.1         0.022823    2087940.0   2088626.0     
  178.1138   49.1616    56.4385    509.53      471.72      -459.85     120.74       560.7         0.035996    2164124.0   2154763.0     
  156.0347   8.8861     75.02      1439.71     347.82      227.81      167.84       433.3         0.0077594   2196482.0   2187102.0     
  160.7987   5.7816     75.1936    40.54       53.84       -826.17     327.22       341.9         0.030512    2179160.0   2195349.0     
  182.6265   44.5233    76.4492    -286.7      756.7       -512.15     340.25       187.9         0.027394    2199579.0   2202326.0     
  211.7148   26.8679    65.0925    120.42      -520.41     -611.08     159.33       174.1         0.021434    2245482.0   2252686.0     
  201.7055   29.0263    77.0705    750.3       -240.8      786.89      185.37       238.3         0.014147    2267196.0   2273242.0     
  6.1731     80.7822    82.9722    -518.03     -276.99     -123.08     91.382       229.3         0.1178      2358460.0   2359752.0     
  42.1841    70.1006    82.1759    1162.65     -394.31     389.71      120.5        374.0         0.012022    2353554.0   2362588.0     
  68.0183    63.9187    68.6978    -623.84     421.53      610.75      209.03       566.3         0.012068    2396129.0   2404814.0     
  64.0212    89.8429    66.2892    -309.26     -224.13     -323.85     68.21        307.6         0.050585    2408424.0   2415821.0     
  63.4304    51.6379    77.7514    -444.47     631.01      -138.48     115.9        431.1         0.1107      2413524.0   2433638.0     
  55.0016    85.9978    93.2688    -145.88     -121.71     65.19       178.24       205.0         0.012913    2444802.0   2443921.0     
  57.534     60.6064    89.656     301.19      51.28       698.04      35.722       229.2         0.027281    2451473.0   2453546.0     
  54.8323    82.8329    93.288     62.07       -243.25     -78.93      299.47       222.7         0.036987    2454602.0   2455375.0     
  182.6277   55.8285    51.4306    925.94      874.04      509.69      197.61       427.2         0.011931    2524834.0   2527080.0     
  185.1793   63.1444    51.9476    540.55      -161.41     -89.97      114.5        187.5         0.03378     2525646.0   2529250.0     
  190.4493   65.5779    84.5315    247.71      -284.42     -432.64     92.222       355.7         0.020672    2576676.0   2583532.0     
  179.1293   53.7631    88.2659    276.37      383.32      1131.73     131.48       194.2         0.014233    2596277.0   2590032.0     
  202.1559   57.0751    61.6785    -957.12     231.24      218.18      101.74       168.6         0.025931    2637434.0   2619474.0     
  239.1504   97.5324    58.3287    670.48      -178.67     -1124.74    186.61       431.5         0.1452      2619770.0   2632697.0     
  4.1677     105.4371   52.4775    -44.43      250.57      -822.1      358.3        246.4         0.01197     2700908.0   2700880.0     
  33.444     122.6727   87.2105    257.31      647.49      -608.45     331.75       334.8         0.021038    2759752.0   2756579.0     
  61.1562    135.6921   67.1426    -872.79     -1061.67    -1250.61    129.44       275.1         0.014822    2822298.0   2810491.0     
  81.7402    111.0108   83.8438    -72.78      -558.39     474.17      384.0        253.2         0.1093      2820434.0   2833739.0     
  98.6082    134.5439   91.881     -346.08     47.07       -283.07     84.156       422.5         0.028758    2841619.0   2834178.0     
  124.111    144.8223   66.0479    -1207.65    678.21      918.62      223.85       238.8         0.041151    2866234.0   2867050.0     
  104.3024   137.5888   71.1767    -120.81     641.67      238.76      116.89       329.5         0.033395    2881533.0   2882248.0     
  120.5466   142.1832   73.1629    -396.22     975.63      818.97      264.49       313.2         0.017481    2893309.0   2889994.0     
  211.813    138.234    66.7934    518.76      -120.2      249.77      202.7        284.7         0.011681    2983909.0   2993586.0     
  233.2612   149.0193   61.7197    540.64      337.92      290.01      194.7        152.9         0.031768    3004058.0   2999555.0     
  211.2277   139.9035   67.4735    273.85      -691.98     307.56      64.577       295.2         0.035445    2991414.0   3004002.0     
  224.5101   131.8031   64.2715    -330.02     -426.79     -171.13     248.48       563.9         0.032921    3000620.0   3008530.0     
  215.8513   134.5827   70.8962    753.96      210.47      -535.22     250.73       208.9         0.016516    3017504.0   3022197.0     
  207.3497   129.457    78.0123    338.83      -241.94     -405.09     228.48       428.4         0.0082431   3016257.0   3028416.0     
  249.379    147.0355   82.5244    205.55      1080.86     79.8        104.62       238.6         0.028056    3030235.0   3032078.0     
  49.2148    152.3472   55.3614    541.74      -94.4       -634.44     126.92       448.2         0.024168    3087272.0   3074264.0     
  32.1395    167.8918   63.5781    370.1       110.93      671.55      231.76       216.7         0.0072539   3105908.0   3085187.0     
  42.7315    159.472    62.4885    235.72      -228.93     754.27      233.62       270.7         0.039188    3104298.0   3086431.0     
  35.3623    165.5774   63.5457    686.4       939.7       84.62       132.43       306.6         0.066493    3084722.0   3086910.0     
  28.6808    161.1584   65.0775    1129.43     508.45      154.49      101.09       464.0         0.0094745   3102705.0   3109179.0     
  38.195     196.6389   79.9151    152.85      -506.34     221.39      140.02       383.3         0.02736     3130148.0   3118661.0     
  48.9718    168.3528   87.0691    -954.98     367.5       -693.69     353.23       292.7         0.0090918   3153446.0   3138604.0     
  48.6923    167.0271   91.3244    -273.46     498.65      1010.62     381.83       473.8         0.017034    3175712.0   3164504.0     
  33.2142    178.3771   99.4304    73.28       -458.53     -497.49     142.82       445.5         0.026319    3165361.0   3170176.0     
  10.4111    191.7578   98.4668    -94.15      -321.74     46.71       218.56       412.3         0.1254      3168842.0   3171617.0     
  37.6526    192.6906   98.2766    730.95      -1378.33    -597.28     263.25       283.1         0.02597     3175571.0   3172637.0     
  25.7932    189.3549   99.0028    974.57      945.82      843.71      190.96       413.8         0.020844    3164655.0   3174117.0     
  65.9028    191.7439   67.4843    -896.14     886.28      1266.65     113.27       264.5         0.02926     3216171.0   3203924.0     
  65.3876    194.8381   76.2479    -865.28     320.04      73.62       368.24       273.0         0.019063    3217795.0   3227742.0     
  70.3944    195.1605   78.2235    -994.27     -349.88     85.78       265.79       188.7         0.005131    3226349.0   3236042.0     
  75.5402    155.9289   97.3661    -641.34     71.22       -116.98     114.64       393.9         0.096984    3264045.0   3258786.0     
  74.8581    160.4505   98.6671    -750.97     -155.23     61.49       210.08       198.7         0.025654    3265768.0   3262554.0     
  107.2297   169.3978   65.128     -103.83     74.5        409.58      59.647       241.9         0.033729    3285122.0   3286750.0     
  130.7171   198.9422   75.3199    -595.02     326.7       409.03      464.05       155.5         0.0089182   3308019.0   3298442.0     
  155.9346   177.4828   87.43      -24.93      -259.73     -787.92     216.14       468.5         0.021147    3403853.0   3407319.0     
  188.5893   195.4541   99.2122    -691.51     47.58       -389.73     205.1        375.3         0.1038      3415219.0   3420410.0     
  218.5047   159.3695   69.7531    237.71      1533.65     380.79      138.7        326.0         0.033342    3452289.0   3463967.0     
  222.6317   194.355    76.9108    462.55      -150.1      748.23      329.12       227.7         0.021568    3473858.0   3469430.0     
  227.997    193.1171   86.5349    602.39      -167.12     -57.28      139.71       460.0         0.032505    3504900.0   3492289.0     
  239.7659   192.2156   92.3377    -307.96     -234.01     199.12      80.228       335.8         0.025529    3494826.0   3496914.0     
  234.8652   191.0854   93.7359    340.3       -61.37      -217.12     43.575       374.5         0.010441    3508365.0   3518421.0     
  235.5259   179.6049   99.4425    415.76      274.14      -111.38     225.06       317.2         0.028655    3509966.0   3520565.0     
  4.5894     226.528    70.9685    677.67      141.8       -548.68     174.9        198.3         0.013926    3542959.0   3552589.0     
  39.7527    219.8805   76.6226    -1012.4     210.16      752.87      63.503       339.7         0.031987    3546830.0   3554145.0     
  80.0413    236.0671   64.6336    674.75      418.63      84.61       251.7        218.4         0.03996     3606816.0   3609814.0     
  85.4999    237.9084   74.0208    -91.35      21.75       -236.47     120.12       505.7         0.1116      3638259.0   3631019.0     
  174.4875   236.5535   73.9144    -725.2      1208.44     191.68      231.9        394.1         0.063733    3780235.0   3769888.0     
  172.6814   228.5396   75.9788    470.09      592.32      361.46      132.56       429.9         0.026159    3766849.0   3777991.0     
  182.1649   211.7301   92.2163    -129.34     179.81      327.46      202.97       495.3         0.059873    3803650.0   3796536.0     
  187.4313   223.6043   95.6109    800.75      663.63      301.61      205.7        309.3         0.043751    3805323.0   3809746.0     
  213.6285   216.9883   52.9704    690.49      407.08      -401.61     101.49       186.8         0.02629     3830017.0   3823206.0     
  221.8776   225.4919   50.7717    -656.68     -309.18     -370.33     250.65       184.4         0.010685    3820457.0   3825885.0     
  236.4745   243.0409   65.7877    -704.07     -843.29     129.9       275.37       203.6         0.016071    3850322.0   3849911.0     
  206.2954   241.1451   94.5389    -196.65     508.52      497.38      289.92       331.7         0.011334    3889169.0   3881124.0     
  209.4242   246.773    94.2637    145.56      69.75       -148.61     360.71       311.9         0.045813    3883935.0   3883923.0     
  49.2762    38.7879    102.9173   -40.59      -111.24     455.16      138.17       441.2         0.012613    3900012.0   3903051.0     
  42.6387    8.766      105.9694   8.8         -152.8      328.79      34.764       234.0         0.03055     3897089.0   3904718.0     
  30.5033    2.1889     122.2125   68.72       677.65      -93.09      219.75       303.9         0.019766    3930810.0   3935690.0     
  8.286      37.1382    147.4114   -570.43     1561.85     -154.55     186.69       423.4         0.017668    3976144.0   3970571.0     
  60.5588    36.096     113.3374   126.0       333.67      220.94      156.63       468.9         0.072874    4009682.0   4001900.0     
  73.0847    10.7945    114.8549   606.15      1562.91     837.12      81.331       404.2         0.057089    4002147.0   4002485.0     
  66.4274    39.089     122.2866   24.42       -81.51      -625.19     39.311       301.6         0.030586    4028156.0   4019298.0     
  86.7421    28.1127    125.0051   -1078.7     -172.69     -285.01     301.2        327.3         0.024719    4026631.0   4019674.0     
  66.4321    31.8382    136.9288   -97.83      -50.08      -142.8      141.46       505.4         0.041633    4052342.0   4044891.0     
  91.7708    13.9614    141.0843   160.05      186.62      111.59      377.5        193.7         0.014807    4041415.0   4045124.0     
  58.6907    40.6804    137.8054   -242.69     -183.52     166.03      201.0        534.6         0.01594     4058179.0   4050440.0     
  176.9087   28.0119    107.4714   -7.81       -541.7      -604.43     176.52       158.3         0.019134    4150027.0   4142778.0     
  245.6786   37.922     110.2491   551.65      -618.24     1028.82     254.12       223.2         0.013738    4207844.0   4216582.0     
  228.045    49.6815    140.3879   811.27      -23.27      441.54      125.97       153.8         0.046172    4262027.0   4262912.0     
  218.9769   4.7954     141.8751   139.6       -103.61     -138.33     71.866       318.7         0.1142      4276319.0   4276318.0     
  222.7534   16.104     146.4391   337.0       641.18      -580.52     260.72       229.8         0.028118    4282397.0   4279155.0     
  47.1536    63.6258    108.4389   386.44      -1143.51    -220.23     126.61       533.1         0.013786    4307515.0   4301647.0     
  22.4892    55.0303    120.8319   -156.27     -154.05     29.44       230.89       325.2         0.076896    4307800.0   4312979.0     
  140.0057   64.6667    118.8229   429.61      615.91      447.2       183.53       619.5         0.0073651   4461078.0   4459555.0     
  126.7121   53.3377    116.8224   119.91      997.18      560.68      60.107       256.8         0.061173    4461339.0   4469954.0     
  148.3689   90.4421    133.1534   -675.01     531.43      -137.55     250.62       194.7         0.027415    4497330.0   4481190.0     
  143.9232   87.0189    136.4091   264.68      245.97      -425.65     213.11       277.8         0.03568     4510713.0   4488459.0     
  118.6373   71.4844    130.8097   1193.83     -205.19     249.14      184.66       437.3         0.060613    4498329.0   4491349.0     
  139.8407   82.8627    138.028    356.3       426.15      107.79      28.026       318.3         0.016141    4490276.0   4504831.0     
  178.9755   57.5687    102.05     -37.6       646.1       810.37      273.29       238.7         0.027725    4528252.0   4531017.0     
  175.3556   60.2481    109.1637   -155.9      59.2        670.57      200.49       354.6         0.075865    4540888.0   4534738.0     
  176.6551   58.4193    106.9378   -325.54     14.43       -164.72     213.11       480.8         0.1613      4537395.0   4547365.0     
  173.2621   62.4399    111.9986   -77.59      -563.02     82.42       140.89       368.0         0.024343    4542049.0   4551268.0     
  167.9762   71.3323    138.3195   -846.67     -269.1      -854.91     108.88       273.8         0.0090774   4582885.0   4589285.0     
  203.4793   53.0136    137.6422   -654.56     -146.75     21.75       215.94       205.5         0.039455    4646597.0   4645868.0     
  94.961     125.1971   131.7131   -204.76     221.36      -272.75     199.81       190.2         0.01535     4751275.0   4743098.0     
  96.6784    103.2513   128.8515   605.23      812.13      534.27      210.32       204.1         0.032898    4736783.0   4748884.0     
  94.7769    122.6191   130.5866   774.68      428.39      -16.49      383.48       346.5         0.021733    4744037.0   4755711.0     
  93.1223    128.6287   132.2603   123.65      -187.04     -212.15     156.28       415.3         0.017011    4752618.0   4759230.0     
  73.773     121.426    133.7515   700.89      -478.12     140.37      182.54       288.6         0.041205    4768049.0   4760521.0     
  116.4422   122.1677   116.2662   -972.31     938.48      97.32       198.06       386.8         0.016708    4816641.0   4807480.0     
  116.5398   107.5455   135.1107   -594.72     -58.96      41.78       81.042       519.6         0.010538    4841759.0   4847472.0     
  183.4841   117.3497   138.2006   243.01      400.43      1123.9      240.66       221.4         0.0069944   4906314.0   4899349.0     
  240.1046   140.6876   138.439    -186.06     750.13      964.02      68.419       410.9         0.031662    4971474.0   4976039.0     
  8.4379     197.9848   104.7605   101.5       -378.62     -55.85      206.56       382.8         0.1022      5010948.0   4999771.0     
  44.3339    191.2555   108.1489   -427.38     -287.97     -459.96     190.13       462.1         0.022314    5024502.0   5006293.0     
  46.0514    165.2046   103.248    -156.68     208.63      -1678.31    113.57       374.3         0.016298    5030385.0   5021664.0     
  104.8749   184.4568   106.7507   -861.06     -197.69     -837.18     29.012       218.9         0.010029    5172885.0   5175635.0     
  217.7672   153.4726   104.426    -328.31     612.48      -307.41     175.49       334.9         0.0042467   5276146.0   5284787.0     
  236.8168   176.362    133.8892   397.41      -152.5      -369.03     228.9        209.0         0.034845    5322759.0   5320313.0     
  245.2205   152.9247   149.3006   -520.12     -764.64     679.62      239.23       565.3         0.035273    5345076.0   5351226.0     
  51.2294    209.6296   146.1907   550.46      -415.42     132.87      294.97       168.6         0.011483    5469760.0   5472044.0     
  150.1873   210.1274   147.2876   94.63       146.11      365.81      409.58       364.0         0.012983    5634160.0   5527767.0     
  170.128    203.1543   101.036    55.49       112.22      41.05       186.99       506.0         0.081137    5547105.0   5538883.0     
  151.8604   218.2623   109.2544   386.64      169.47      208.19      136.94       299.1         0.1342      5556516.0   5550044.0     
  157.1121   237.7809   125.8476   320.29      882.47      195.6       224.99       266.3         0.020563    5589984.0   5584154.0     
  150.8298   210.0854   143.5011   -257.39     107.53      274.88      467.7        342.6         0.01434     5600932.0   5615801.0     
  216.3778   242.6792   126.4056   -149.21     -66.36      940.15      233.95       236.0         0.024595    5668699.0   5663003.0     
  228.6205   234.2607   129.6787   1382.72     -499.87     -6.4        116.58       447.9         0.014018    5671547.0   5677530.0     
  218.1768   249.6819   141.0903   199.71      49.56       -237.01     240.34       629.1         0.0091743   5700088.0   5700427.0     
  6.6912     40.3469    150.5226   305.56      169.33      86.53       302.07       134.2         0.0042651   5710380.0   5711366.0     
  15.4418    34.2928    152.5705   457.77      -1691.91    -326.67     241.85       530.1         0.0036311   5718441.0   5716951.0     
  11.3767    38.587     156.3063   336.15      -822.1      -1163.37    221.0        670.4         0.0095532   5733329.0   5728519.0     
  11.9442    1.4244     179.9928   52.8        868.47      -453.28     109.77       449.2         0.0090941   5767534.0   5753853.0     
  42.1808    44.9101    189.568    -405.5      724.36      -240.44     284.71       202.8         0.044106    5765570.0   5769704.0     
  132.8137   39.9527    170.2177   126.37      -289.83     206.44      213.94       471.9         0.005034    5864815.0   5877542.0     
  140.6795   16.5316    170.4741   218.98      634.53      757.22      276.37       618.6         0.0073539   5873825.0   5883119.0     
  143.7712   28.7087    177.563    472.35      -386.88     1986.85     235.23       488.8         0.02483     5874695.0   5896514.0     
  136.3645   46.8337    179.2721   1126.93     -475.31     318.78      172.96       304.4         0.015755    5919243.0   5902968.0     
  147.6494   24.9244    181.669    -368.15     169.93      -302.99     189.64       462.5         0.1632      5917659.0   5906786.0     
  128.5434   18.8513    194.235    1080.5      853.04      -121.95     156.66       595.1         0.03454     5930556.0   5916209.0     
  113.8538   13.6267    198.4552   -843.65     -54.64      158.72      268.33       228.9         0.015583    5917564.0   5921871.0     
  245.8383   47.1312    150.3238   1220.34     -311.54     778.81      140.16       550.5         0.011933    5996300.0   5996372.0     
  240.3418   27.3834    181.7346   484.32      -990.08     450.22      252.85       249.9         0.023974    6055454.0   6043653.0     
  223.266    23.3133    184.4435   -381.49     -298.33     53.33       241.37       200.0         0.025848    6045877.0   6051726.0     
  237.5748   44.5215    183.2204   371.38      226.13      401.79      86.888       446.0         0.06098     6053170.0   6063614.0     
  5.6841     68.3149    167.6126   -759.86     -519.15     -98.67      268.19       260.6         0.024861    6114241.0   6115759.0     
  56.9495    52.1006    154.2635   -1168.83    -462.2      -1214.98    100.62       502.6         0.0091845   6182062.0   6168748.0     
  126.3274   61.9028    158.5787   -315.19     -456.51     -57.46      279.44       279.9         0.0091666   6256164.0   6242154.0     
  104.175    73.9195    175.8401   -10.2       -56.96      -459.86     100.13       382.0         0.017716    6275999.0   6273802.0     
  138.7544   56.1738    179.9653   -171.92     -433.18     -26.24      391.6        616.9         0.027553    6285873.0   6275138.0     
  137.9642   62.7445    177.1422   644.16      -985.41     271.46      102.52       436.4         0.01972     6268061.0   6277092.0     
  109.1514   78.9468    179.7168   553.81      -944.7      -1052.41    144.49       285.3         0.023901    6287850.0   6281142.0     
  145.0507   77.6659    190.8499   455.47      429.94      -167.3      242.07       219.3         0.015823    6306260.0   6301184.0     
  140.6244   50.2047    181.5483   -248.52     1239.99     -514.01     221.42       339.0         0.013405    6296186.0   6306439.0     
  172.3216   91.9633    158.8509   474.78      -601.07     -365.7      191.61       188.2         0.01124     6328035.0   6334229.0     
  185.5682   89.7454    179.8106   -233.08     472.5       648.78      101.33       453.9         0.0076965   6358387.0   6363592.0     
  156.9423   86.4313    199.0932   -138.38     310.24      345.07      67.323       295.8         0.1018      6393170.0   6392112.0     
  204.2439   97.9316    155.5771   -23.37      -110.02     569.07      98.871       496.4         0.1245      6399812.0   6400480.0     
  220.7643   50.975     162.324    -337.73     262.25      -406.78     368.44       509.6         0.013214    6428417.0   6421056.0     
  219.1158   96.0115    169.8472   -333.16     -295.01     387.53      298.58       316.1         0.017712    6433725.0   6424850.0     
  225.7143   53.2089    165.8625   1348.22     -58.52      1.77        156.35       434.4         0.011653    6444071.0   6435730.0     
  228.77     54.9764    168.481    -287.58     -207.01     -243.89     323.93       412.6         0.019529    6424604.0   6450683.0     
  202.9522   99.6937    177.8741   -680.84     -748.23     -123.58     190.36       333.7         0.020733    6451044.0   6458111.0     
  244.1802   51.786     180.5374   -27.88      -426.46     890.78      160.2        250.8         0.043391    6469172.0   6458619.0     
  207.7724   51.9321    175.9509   -961.01     -261.54     285.02      75.764       192.9         0.035141    6467877.0   6460970.0     
  237.4891   58.5965    186.7513   636.16      714.28      1017.76     56.276       270.6         0.043585    6476404.0   6473436.0     
  231.342    73.4401    192.9975   -335.33     -275.42     -831.99     60.835       389.7         0.027172    6488407.0   6479096.0     
  233.8757   70.8098    192.8122   -241.33     465.54      222.66      206.98       468.9         0.0058891   6485677.0   6492866.0     
  2.3374     124.7844   179.6882   -87.9       386.55      565.15      396.54       386.6         0.033628    6545681.0   6538508.0     
  28.8782    134.129    185.5186   -916.05     -8.34       64.33       295.08       182.9         0.017719    6542088.0   6546531.0     
  45.4861    139.066    185.3098   -778.96     -79.74      762.03      186.89       421.3         0.016419    6557146.0   6553678.0     
  22.3897    132.297    192.3651   226.69      -276.57     144.15      170.57       475.8         0.0080791   6549978.0   6564432.0     
  42.5403    143.3706   188.9983   -909.26     106.2       71.7        238.23       211.3         0.0066773   6562220.0   6569489.0     
  18.1401    125.6596   191.8763   -644.37     734.5       743.48      239.83       216.6         0.012943    6557758.0   6572141.0     
  24.711     128.6335   195.9325   -438.75     -11.82      -913.25     141.37       242.6         0.015659    6576296.0   6572157.0     
  92.5194    132.573    152.6841   677.41      38.21       -1236.32    194.53       300.5         0.02154     6594468.0   6590099.0     
  66.9096    103.663    186.0038   -875.98     -646.02     -62.31      189.52       398.0         0.057395    6614691.0   6620499.0     
  125.394    104.0778   170.9999   746.46      -796.05     -561.33     170.62       303.2         0.011259    6674036.0   6669929.0     
  192.2776   129.673    159.8548   -199.37     -616.41     846.36      324.2        369.9         0.01097     6725359.0   6714648.0     
  191.3055   111.7597   167.1327   308.83      -218.71     317.01      196.42       406.1         0.0083052   6740569.0   6729197.0     
  186.9216   144.6013   175.7379   690.42      -586.61     180.06      189.03       246.3         0.041232    6756355.0   6743653.0     
  196.6202   106.6689   179.7146   111.43      -233.03     136.71      268.41       339.1         0.028831    6758313.0   6759577.0     
  167.1849   134.9254   185.2618   11.73       23.98       -364.14     272.57       546.7         0.01657     6756290.0   6774779.0     
  187.4309   114.4446   190.3942   10.82       -38.13      -452.24     249.92       311.0         0.01665     6786204.0   6778118.0     
  186.9977   115.2369   193.7256   905.28      677.7       -280.64     126.49       481.4         0.051052    6800412.0   6793463.0     
  178.6815   126.2301   196.6643   -84.8       61.94       -578.27     112.07       337.9         0.026472    6805093.0   6807669.0     
  234.712    141.4551   168.2529   -498.02     268.6       698.94      278.6        369.0         0.040518    6848123.0   6838835.0     
  227.4419   143.3295   170.3546   695.91      48.69       332.63      352.7        277.1         0.012357    6845588.0   6840421.0     
  210.7185   146.6977   168.7905   250.41      -22.96      495.86      161.59       345.7         0.052748    6841140.0   6840464.0     
  200.5554   101.8786   177.5122   -113.02     -267.07     516.26      166.73       462.8         0.027802    6860619.0   6849061.0     
  235.5029   107.6504   197.8028   -220.26     -394.83     533.96      366.7        247.7         0.016695    6894314.0   6891490.0     
  202.6576   130.6707   198.7293   315.81      72.19       468.2       238.59       237.7         0.055204    6894248.0   6893764.0     
  145.296    198.1607   175.0564   22.86       -235.56     -102.56     412.1        292.6         0.043403    7061182.0   7054318.0     
  103.8736   188.7393   186.9184   -564.58     -236.26     -378.97     282.3        373.1         0.014858    7060237.0   7063564.0     
  101.9652   191.9781   191.6727   -1156.31    466.16      -425.04     210.78       159.2         0.025916    7079466.0   7076815.0     
  166.8516   170.6433   179.825    -362.78     -571.53     521.67      215.71       164.3         0.017291    7129720.0   7129764.0     
  161.4612   177.1127   185.9881   555.95      -155.56     -1328.92    252.51       424.1         0.019769    7153014.0   7146949.0     
  222.9165   153.765    181.7415   -82.9       252.09      -1089.53    103.81       322.0         0.1042      7227917.0   7230974.0     
  235.8893   157.2385   198.5869   379.64      680.53      -1108.71    209.89       204.1         0.023138    7266759.0   7259533.0     
  228.9989   163.8385   196.4203   1090.63     424.56      423.9       178.75       462.6         0.012987    7263531.0   7262101.0     
  231.5202   167.2423   197.4011   991.23      -1251.14    -248.27     105.21       271.2         0.060886    7260198.0   7264610.0     
  21.5299    226.4853   164.6906   -719.82     -346.43     579.66      275.01       219.2         0.013653    7297806.0   7286959.0     
  12.6911    210.6797   167.1852   -637.47     498.54      955.5       51.9         218.2         0.047988    7299824.0   7289167.0     
  24.3957    233.2367   167.2671   -292.7      -709.58     940.47      271.54       385.9         0.020188    7309224.0   7302225.0     
  4.9406     213.4797   171.7449   49.63       257.33      98.23       366.0        279.1         0.025872    7327781.0   7317137.0     
  23.0205    211.7339   173.2332   -689.65     -911.52     -332.42     223.11       434.1         0.0052793   7313617.0   7319380.0     
  10.7074    212.5706   176.4404   -687.04     33.07       273.12      215.39       178.7         0.02119     7337439.0   7324317.0     
  45.685     208.9046   181.51     -617.0      162.08      418.43      252.01       444.0         0.012775    7326396.0   7327243.0     
  44.9945    210.1171   195.984    -830.57     -342.48     525.88      219.49       455.2         0.028723    7372591.0   7352328.0     
  97.8978    203.9897   154.0906   -299.95     294.6       -826.55     172.83       359.3         0.018534    7385719.0   7381480.0     
  60.8733    221.1478   165.8423   -1924.62    109.03      95.69       117.67       405.0         0.06577     7390444.0   7410315.0     
  99.9627    201.1224   167.5181   -1098.73    -62.71      461.93      245.54       200.6         0.020645    7411536.0   7413473.0     
  99.6457    202.545    172.1809   -168.94     100.26      362.75      312.66       250.0         0.036287    7429662.0   7423391.0     
  63.8574    240.9813   171.2281   -882.85     -634.41     129.75      362.1        278.7         0.047786    7420498.0   7430427.0     
  62.4128    232.6937   194.9335   499.97      -1301.04    463.13      171.13       279.4         0.068193    7463268.0   7459505.0     
  62.1935    242.0172   199.0871   194.68      -318.34     -110.21     266.32       231.9         0.1218      7471726.0   7472314.0     
  138.2297   220.2628   164.0467   -507.59     -23.72      145.49      280.99       238.8         0.013776    7497637.0   7508313.0     
  147.9353   247.0819   194.7162   493.43      124.68      -187.24     437.43       177.6         0.049139    7550550.0   7538295.0     
  124.0985   226.1046   191.1826   427.38      -623.56     295.2       391.27       420.6         0.021159    7534286.0   7553455.0     
  174.1885   224.197    161.1133   315.96      422.54      163.28      42.059       238.3         0.023942    7576211.0   7574491.0     
  163.692    224.726    171.7953   -188.12     -1107.87    493.86      273.29       494.7         0.0051318   7586632.0   7592034.0     
  223.7825   212.6374   161.1217   -1095.72    -189.54     188.2       142.3        186.4         0.029559    7646641.0   7659500.0     
  211.6855   244.5144   197.4349   965.34      -315.34     916.57      211.14       457.3         0.052713    7702833.0   7707722.0     
  29.2547    8.1976     207.567    346.2       1285.86     1298.55     132.45       379.4         0.023625    7710872.0   7722794.0     
  1.85       1.1127     239.9      260.94      -1.63       386.99      124.42       439.9         0.1211      7769725.0   7761047.0     
  114.7291   12.0844    221.6642   116.22      32.28       1107.71     179.08       472.8         0.020555    7865352.0   7875464.0     
  134.6785   37.4687    230.7456   -116.69     666.02      720.57      511.18       273.3         0.050787    7876969.0   7880907.0     
  114.3353   14.0521    224.325    -408.32     581.43      123.66      118.33       315.2         0.081651    7888985.0   7887605.0     
  123.5468   29.9973    235.2532   -15.78      324.29      -492.69     325.33       210.4         0.0088073   7902559.0   7897166.0     
  146.3606   41.0234    244.5881   -720.05     1041.88     124.81      228.79       304.3         0.026479    7911769.0   7919262.0     
  196.8237   43.5159    206.1093   354.13      603.47      270.55      320.75       151.0         0.013451    7930645.0   7931227.0     
  206.9128   37.0899    207.0632   27.42       1281.86     0.51        154.36       413.5         0.070714    7985997.0   7988199.0     
  241.6053   48.0893    228.4986   431.16      843.52      -389.41     215.85       410.5         0.011708    8021516.0   8038559.0     
  213.7011   21.4686    235.8351   808.77      -587.56     -440.99     238.85       189.0         0.0056982   8046568.0   8042685.0     
  41.6284    74.3482    201.5715   -651.98     965.36      621.02      342.8        303.4         0.096979    8070267.0   8070721.0     
  38.6174    85.2542    204.1714   189.24      -160.54     366.58      313.39       205.4         0.098826    8074018.0   8070751.0     
  42.6559    82.7206    203.0643   -470.12     193.45      465.29      169.53       357.5         0.018188    8069013.0   8074891.0     
  41.5196    78.154     203.7205   -354.86     579.69      0.34        213.71       470.5         0.01124     8079184.0   8081172.0     
  34.9935    78.7667    215.8995   -397.29     1208.21     280.99      396.75       157.4         0.0097886   8096516.0   8094543.0     
  29.5608    82.8235    227.0608   331.31      817.85      695.31      129.25       175.5         0.017662    8130285.0   8122719.0     
  37.1132    82.2393    230.7194   73.41       413.33      143.25      427.46       151.6         0.043101    8127152.0   8132026.0     
  8.1063     82.2456    229.9433   104.02      -84.33      -416.94     279.82       247.7         0.0154      8123591.0   8133449.0     
  43.4732    84.6117    237.1386   -496.44     385.41      -202.57     301.14       255.7         0.035181    8146247.0   8144579.0     
  23.8347    95.5805    235.3804   955.81      654.97      -22.82      175.77       486.0         0.014661    8138368.0   8145860.0     
  45.417     67.5924    240.6475   -493.15     715.72      -589.54     250.15       345.3         0.02842     8139822.0   8146077.0     
  21.9771    71.1638    246.4072   -994.65     158.25      -553.72     140.4        442.4         0.02461     8067776.0   8156415.0     
  84.2566    58.1903    240.9659   46.96       -255.46     445.8       110.35       356.9         0.050211    8204969.0   8211215.0     
  82.4428    51.3267    248.9709   795.24      -321.65     -399.79     145.65       358.8         0.021656    8219423.0   8221551.0     
  54.1325    61.4157    246.0747   -1131.51    -208.36     605.23      264.0        239.4         0.028176    8212084.0   8227341.0     
  103.485    78.101     202.9262   1248.78     -500.33     939.2       108.98       400.7         0.0077196   8230697.0   8238580.0     
  130.6611   93.7001    224.7829   -711.85     -870.95     466.58      145.6        214.2         0.081774    8256433.0   8260638.0     
  128.2633   59.154     239.5096   1272.31     -154.33     -434.86     271.83       451.4         0.015269    8278392.0   8282301.0     
  133.6427   72.2432    235.1741   -419.92     289.52      826.74      108.2        409.8         0.069352    8273648.0   8285580.0     
  105.9604   98.9817    245.0949   -357.69     -612.5      -481.73     83.131       327.6         0.055938    8304717.0   8296836.0     
  186.0524   83.7088    214.1122   631.98      -97.99      -914.46     172.83       202.5         0.028732    8334546.0   8334172.0     
  233.7036   95.2596    204.6357   -597.02     -507.47     539.92      197.43       277.4         0.018254    8411294.0   8404577.0     
  216.151    87.254     204.826    -53.35      -755.25     -670.43     96.303       440.8         0.031566    8422461.0   8406764.0     
  236.1445   92.7706    220.7604   -72.36      76.72       -208.19     195.53       424.9         0.017378    8442494.0   8445363.0     
  233.8095   96.9534    228.4768   1582.57     747.58      -308.81     93.74        323.1         0.0353      8459407.0   8469129.0     
  29.5804    100.9652   200.8235   -230.19     -32.64      1506.64     193.69       298.7         0.076065    8494945.0   8495545.0     
  20.716     132.1721   207.7284   -156.8      313.51      -181.96     309.08       303.9         0.0074367   8515516.0   8516894.0     
  29.6797    118.2428   223.5253   -335.84     -43.52      -855.23     269.22       297.0         0.010069    8547406.0   8537597.0     
  37.5853    101.592    225.505    -205.43     412.8       -245.05     241.93       270.0         0.036352    8538269.0   8547691.0     
  2.4152     116.543    222.4757   510.33      -422.58     -204.12     90.852       339.1         0.032218    8536775.0   8549253.0     
  37.5763    147.3667   231.6036   -88.2       -934.97     -211.35     130.65       437.3         0.0050302   8557680.0   8563863.0     
  92.5789    111.9103   220.3721   1127.94     535.6       -496.14     266.15       471.7         0.041826    8613014.0   8620702.0     
  56.8339    112.6458   231.7451   -1622.72    353.18      -970.79     103.45       379.3         0.012665    8639690.0   8642526.0     
  140.152    131.611    204.2308   1558.47     -452.68     -397.18     105.75       303.7         0.019086    8678758.0   8673206.0     
  130.5884   103.8476   223.5177   446.45      505.89      -126.77     121.77       258.4         0.0128      8702168.0   8695809.0     
  133.4332   106.0897   224.2747   -67.64      -1261.22    68.89       245.78       368.9         0.090257    8708632.0   8702165.0     
  198.7942   146.1496   201.5797   589.36      -568.92     809.27      165.94       185.1         0.066627    8738688.0   8742163.0     
  168.5646   112.9684   217.0601   -377.29     448.85      176.66      215.82       319.2         0.059596    8757043.0   8769605.0     
  181.4882   142.2948   230.5701   667.57      902.67      216.44      217.19       168.3         0.079824    8789551.0   8793934.0     
  188.3946   117.3234   239.6336   -216.88     41.41       710.01      108.16       386.8         0.015064    8791976.0   8804346.0     
  214.1439   136.1726   243.5551   -1010.55    -917.43     -190.07     51.22        404.4         0.043635    8823286.0   8818911.0     
  203.5145   126.28     203.3094   362.2       78.89       -254.65     171.39       251.8         0.050014    8841762.0   8837007.0     
  208.0542   115.389    206.7131   50.39       634.06      -1002.92    190.5        326.0         0.020273    8832051.0   8842500.0     
  213.0851   132.1435   209.6148   -306.45     -1079.97    -372.44     129.48       400.7         0.02574     8858897.0   8854022.0     
  222.4416   149.311    215.9255   -750.39     46.24       385.41      280.18       278.3         0.0054889   8876211.0   8861331.0     
  225.1565   112.7544   223.4177   -1292.34    -51.88      88.29       308.23       294.3         0.010526    8866590.0   8873781.0     
  249.4052   101.5389   230.8772   213.0       465.49      405.19      309.99       188.0         0.024689    8881342.0   8889313.0     
  214.8876   138.8661   242.1336   322.68      -95.45      142.54      192.86       465.9         0.021225    8822387.0   8908634.0     
  0.4426     156.5451   200.6341   -189.66     -66.85      -480.8      328.4        203.7         0.016948    8918130.0   8923035.0     
  28.5698    199.1219   210.5522   886.58      -785.28     304.2       134.83       468.5         0.011273    8931773.0   8934608.0     
  36.1872    190.822    226.7738   -717.06     123.59      -211.86     79.534       375.6         0.037434    8966081.0   8963582.0     
  28.5488    159.2534   231.2038   259.97      -506.62     -720.29     349.41       341.7         0.058451    8973600.0   8967428.0     
  33.6567    155.2549   240.4952   -170.87     -190.45     -934.03     210.37       180.0         0.0095402   8990211.0   8984288.0     
  52.2813    188.0505   213.4263   766.28      299.84      -500.35     391.05       373.7         0.1723      9023559.0   9014314.0     
  59.633     190.9184   211.2526   -551.47     715.91      248.67      215.12       518.5         0.014219    9022842.0   9014723.0     
  66.1634    184.1212   217.1124   534.94      149.83      -201.0      83.096       207.8         0.026968    9035861.0   9028554.0     
  208.1104   166.4773   201.2996   -863.4      -1054.09    108.91      164.74       451.6         0.062657    9202700.0   9199929.0     
  235.3904   197.9783   205.3072   1065.55     264.17      139.36      201.4        148.7         0.016953    9203019.0   9204973.0     
  205.777    160.8377   203.9995   224.88      -262.73     -340.61     194.11       336.1         0.096989    9205591.0   9206454.0     
  247.8919   194.182    201.7804   -151.96     -237.05     -63.2       224.48       171.3         0.034297    9199014.0   9206865.0     
  214.6669   150.2436   218.7175   249.12      -128.91     539.36      114.28       467.9         0.031601    9245736.0   9226172.0     
  28.1199    211.2888   247.6615   -268.63     -165.3      91.96       207.54       201.2         0.016863    9360156.0   9276263.0     
  20.2985    238.3548   200.322    -102.63     -78.57      58.65       258.92       228.7         0.032259    9292557.0   9283591.0     
  6.0644     214.4461   207.8963   -185.38     -323.09     264.06      169.06       321.0         0.013591    9305784.0   9295558.0     
  50.2574    199.7975   208.8099   1040.91     -43.5       -204.35     212.37       304.1         0.029695    9015220.0   9304062.0     
  40.461     245.1537   229.2184   172.83      201.21      389.24      155.5        323.4         0.0141      9341944.0   9333463.0     
  39.7777    238.3381   233.3478   -151.42     898.0       -18.91      364.04       177.6         0.013541    9346125.0   9340980.0     
  16.9937    238.9151   245.8563   619.4       630.78      -45.25      201.77       396.4         0.023937    9363506.0   9358773.0     
  12.8892    229.616    246.976    149.52      -118.04     405.87      83.592       305.5         0.020475    9364901.0   9362243.0     
  54.1041    201.958    208.3516   -531.39     -666.35     -1002.1     308.19       265.9         0.021322    9386801.0   9382205.0     
  89.3214    219.5511   247.2975   -47.28      186.41      3.96        242.56       192.4         0.054017    9429419.0   9435364.0     
  99.959     206.8529   227.8133   -739.99     54.13       70.71       123.97       190.2         0.013612    9411709.0   9477421.0     
  155.1865   247.8766   201.0488   345.5       535.98      736.43      250.06       278.4         0.013803    9503251.0   9503659.0     
  165.0452   246.9648   200.126    -462.95     -26.77      1087.84     272.36       381.2         0.030134    9500739.0   9505523.0     
  162.5945   240.9695   201.8153   482.11      732.86      -280.38     254.01       403.5         0.015245    9503092.0   9517127.0     
  176.6164   240.9004   210.535    -605.46     -108.86     -1066.57    170.48       211.2         0.029364    9516739.0   9526498.0     
  240.7616   224.4881   217.1282   -21.81      226.28      351.35      89.921       469.2         0.027173    9597091.0   9594290.0     
  235.4402   230.2119   219.6383   -742.96     -394.88     -64.62      94.903       345.0         0.051831    9608734.0   9616950.0     
  243.2538   220.1326   220.9543   -279.37     -460.59     995.82      206.15       428.6         0.013616    9607945.0   9618845.0     
  239.8092   212.9822   224.805    573.91      561.71      -417.06     159.37       397.4         0.035375    9629069.0   9628644.0     
